       21       21       21
   1.00000   0.00000   0.00000   0.00000
 100.00000  63.39898  53.58671  50.96235  50.25627  50.06818  50.01800
  50.00440  50.00114  50.00019  50.00005  50.00000  50.00000  50.00000
  50.00000  50.00000  50.00000  50.00000  50.00000  50.00000  50.00000
 100.00000  63.39898  53.58671  50.96235  50.25627  50.06818  50.01800
  50.00440  50.00114  50.00019  50.00005  50.00000  50.00000  50.00000
  50.00000  50.00000  50.00000  50.00000  50.00000  50.00000  50.00000
 100.00000  63.39898  53.58671  50.96235  50.25627  50.06818  50.01800
  50.00440  50.00114  50.00019  50.00005  50.00000  50.00000  50.00000
  50.00000  50.00000  50.00000  50.00000  50.00000  50.00000  50.00000
 100.00000  63.39898  53.58671  50.96235  50.25627  50.06818  50.01800
  50.00440  50.00114  50.00019  50.00005  50.00000  50.00000  50.00000
  50.00000  50.00000  50.00000  50.00000  50.00000  50.00000  50.00000
 100.00000  63.39898  53.58671  50.96235  50.25627  50.06818  50.01800
  50.00440  50.00114  50.00019  50.00005  50.00000  50.00000  50.00000
  50.00000  50.00000  50.00000  50.00000  50.00000  50.00000  50.00000
 100.00000  63.39898  53.58671  50.96235  50.25627  50.06818  50.01800
  50.00440  50.00114  50.00019  50.00005  50.00000  50.00000  50.00000
  50.00000  50.00000  50.00000  50.00000  50.00000  50.00000  50.00000
 100.00000  63.39898  53.58671  50.96235  50.25627  50.06818  50.01800
  50.00440  50.00114  50.00019  50.00005  50.00000  50.00000  50.00000
  50.00000  50.00000  50.00000  50.00000  50.00000  50.00000  50.00000
 100.00000  63.39898  53.58671  50.96235  50.25627  50.06818  50.01800
  50.00440  50.00114  50.00019  50.00005  50.00000  50.00000  50.00000
  50.00000  50.00000  50.00000  50.00000  50.00000  50.00000  50.00000
 100.00000  63.39898  53.58671  50.96235  50.25627  50.06818  50.01800
  50.00440  50.00114  50.00019  50.00005  50.00000  50.00000  50.00000
  50.00000  50.00000  50.00000  50.00000  50.00000  50.00000  50.00000
 100.00000  63.39898  53.58671  50.96235  50.25627  50.06818  50.01800
  50.00440  50.00114  50.00019  50.00005  50.00000  50.00000  50.00000
  50.00000  50.00000  50.00000  50.00000  50.00000  50.00000  50.00000
 100.00000  63.39898  53.58671  50.96235  50.25627  50.06818  50.01800
  50.00440  50.00114  50.00019  50.00005  50.00000  50.00000  50.00000
  50.00000  50.00000  50.00000  50.00000  50.00000  50.00000  50.00000
 100.00000  63.39898  53.58671  50.96235  50.25627  50.06818  50.01800
  50.00440  50.00114  50.00019  50.00005  50.00000  50.00000  50.00000
  50.00000  50.00000  50.00000  50.00000  50.00000  50.00000  50.00000
 100.00000  63.39898  53.58671  50.96235  50.25627  50.06818  50.01800
  50.00440  50.00114  50.00019  50.00005  50.00000  50.00000  50.00000
  50.00000  50.00000  50.00000  50.00000  50.00000  50.00000  50.00000
 100.00000  63.39898  53.58671  50.96235  50.25627  50.06818  50.01800
  50.00440  50.00114  50.00019  50.00005  50.00000  50.00000  50.00000
  50.00000  50.00000  50.00000  50.00000  50.00000  50.00000  50.00000
 100.00000  63.39898  53.58671  50.96235  50.25627  50.06818  50.01800
  50.00440  50.00114  50.00019  50.00005  50.00000  50.00000  50.00000
  50.00000  50.00000  50.00000  50.00000  50.00000  50.00000  50.00000
 100.00000  63.39899  53.58670  50.96236  50.25627  50.06818  50.01800
  50.00440  50.00114  50.00019  50.00005  50.00000  50.00000  50.00000
  50.00000  50.00000  50.00000  50.00000  50.00000  50.00000  50.00000
 100.00000  63.39891  53.58677  50.96233  50.25628  50.06818  50.01800
  50.00440  50.00114  50.00019  50.00005  50.00000  50.00000  50.00000
  50.00000  50.00000  50.00000  50.00000  50.00000  50.00000  50.00000
 100.00000  63.39925  53.58643  50.96249  50.25623  50.06819  50.01800
  50.00440  50.00114  50.00019  50.00005  50.00000  50.00000  50.00000
  50.00000  50.00000  50.00000  50.00000  50.00000  50.00000  50.00000
 100.00000  63.39818  53.58758  50.96185  50.25645  50.06814  50.01801
  50.00440  50.00114  50.00019  50.00005  50.00000  50.00000  50.00000
  50.00000  50.00000  50.00000  50.00000  50.00000  50.00000  50.00000
 100.00000  63.40057  53.58488  50.96348  50.25581  50.06831  50.01798
  50.00440  50.00114  50.00019  50.00005  50.00000  50.00000  50.00000
  50.00000  50.00000  50.00000  50.00000  50.00000  50.00000  50.00000
 100.00000  63.39690  53.58912  50.96082  50.25692  50.06799  50.01805
  50.00439  50.00114  50.00019  50.00005  50.00000  50.00000  50.00000
  50.00000  50.00000  50.00000  50.00000  50.00000  50.00000  50.00000
 100.00000  63.39898  53.58671  50.96235  50.25627  50.06818  50.01800
  50.00440  50.00114  50.00019  50.00005  50.00000  50.00000  50.00000
  50.00000  50.00000  50.00000  50.00000  50.00000  50.00000  50.00000
 100.00000  63.39898  53.58671  50.96235  50.25627  50.06818  50.01800
  50.00440  50.00114  50.00019  50.00005  50.00000  50.00000  50.00000
  50.00000  50.00000  50.00000  50.00000  50.00000  50.00000  50.00000
 100.00000  63.39898  53.58671  50.96235  50.25627  50.06818  50.01800
  50.00440  50.00114  50.00019  50.00005  50.00000  50.00000  50.00000
  50.00000  50.00000  50.00000  50.00000  50.00000  50.00000  50.00000
 100.00000  63.39898  53.58671  50.96235  50.25627  50.06818  50.01800
  50.00440  50.00114  50.00019  50.00005  50.00000  50.00000  50.00000
  50.00000  50.00000  50.00000  50.00000  50.00000  50.00000  50.00000
 100.00000  63.39898  53.58671  50.96235  50.25627  50.06818  50.01800
  50.00440  50.00114  50.00019  50.00005  50.00000  50.00000  50.00000
  50.00000  50.00000  50.00000  50.00000  50.00000  50.00000  50.00000
 100.00000  63.39898  53.58671  50.96235  50.25627  50.06818  50.01800
  50.00440  50.00114  50.00019  50.00005  50.00000  50.00000  50.00000
  50.00000  50.00000  50.00000  50.00000  50.00000  50.00000  50.00000
 100.00000  63.39898  53.58671  50.96235  50.25627  50.06818  50.01800
  50.00440  50.00114  50.00019  50.00005  50.00000  50.00000  50.00000
  50.00000  50.00000  50.00000  50.00000  50.00000  50.00000  50.00000
 100.00000  63.39898  53.58671  50.96235  50.25627  50.06818  50.01800
  50.00440  50.00114  50.00019  50.00005  50.00000  50.00000  50.00000
  50.00000  50.00000  50.00000  50.00000  50.00000  50.00000  50.00000
 100.00000  63.39898  53.58671  50.96235  50.25627  50.06818  50.01800
  50.00440  50.00114  50.00019  50.00005  50.00000  50.00000  50.00000
  50.00000  50.00000  50.00000  50.00000  50.00000  50.00000  50.00000
 100.00000  63.39898  53.58671  50.96235  50.25627  50.06818  50.01800
  50.00440  50.00114  50.00019  50.00005  50.00000  50.00000  50.00000
  50.00000  50.00000  50.00000  50.00000  50.00000  50.00000  50.00000
 100.00000  63.39898  53.58671  50.96235  50.25627  50.06818  50.01800
  50.00440  50.00114  50.00019  50.00005  50.00000  50.00000  50.00000
  50.00000  50.00000  50.00000  50.00000  50.00000  50.00000  50.00000
 100.00000  63.39898  53.58671  50.96235  50.25627  50.06818  50.01800
  50.00440  50.00114  50.00019  50.00005  50.00000  50.00000  50.00000
  50.00000  50.00000  50.00000  50.00000  50.00000  50.00000  50.00000
 100.00000  63.39898  53.58671  50.96235  50.25627  50.06818  50.01800
  50.00440  50.00114  50.00019  50.00005  50.00000  50.00000  50.00000
  50.00000  50.00000  50.00000  50.00000  50.00000  50.00000  50.00000
 100.00000  63.39898  53.58671  50.96235  50.25627  50.06818  50.01800
  50.00440  50.00114  50.00019  50.00005  50.00000  50.00000  50.00000
  50.00000  50.00000  50.00000  50.00000  50.00000  50.00000  50.00000
 100.00000  63.39898  53.58671  50.96235  50.25627  50.06818  50.01800
  50.00440  50.00114  50.00019  50.00005  50.00000  50.00000  50.00000
  50.00000  50.00000  50.00000  50.00000  50.00000  50.00000  50.00000
 100.00000  63.39899  53.58670  50.96236  50.25627  50.06818  50.01800
  50.00440  50.00114  50.00019  50.00005  50.00000  50.00000  50.00000
  50.00000  50.00000  50.00000  50.00000  50.00000  50.00000  50.00000
 100.00000  63.39891  53.58677  50.96233  50.25628  50.06818  50.01800
  50.00440  50.00114  50.00019  50.00005  50.00000  50.00000  50.00000
  50.00000  50.00000  50.00000  50.00000  50.00000  50.00000  50.00000
 100.00000  63.39925  53.58643  50.96249  50.25623  50.06819  50.01800
  50.00440  50.00114  50.00019  50.00005  50.00000  50.00000  50.00000
  50.00000  50.00000  50.00000  50.00000  50.00000  50.00000  50.00000
 100.00000  63.39818  53.58758  50.96185  50.25645  50.06814  50.01801
  50.00440  50.00114  50.00019  50.00005  50.00000  50.00000  50.00000
  50.00000  50.00000  50.00000  50.00000  50.00000  50.00000  50.00000
 100.00000  63.40057  53.58488  50.96348  50.25581  50.06831  50.01798
  50.00440  50.00114  50.00019  50.00005  50.00000  50.00000  50.00000
  50.00000  50.00000  50.00000  50.00000  50.00000  50.00000  50.00000
 100.00000  63.39690  53.58912  50.96082  50.25692  50.06799  50.01805
  50.00439  50.00114  50.00019  50.00005  50.00000  50.00000  50.00000
  50.00000  50.00000  50.00000  50.00000  50.00000  50.00000  50.00000
 100.00000  63.39898  53.58671  50.96235  50.25627  50.06818  50.01800
  50.00440  50.00114  50.00019  50.00005  50.00000  50.00000  50.00000
  50.00000  50.00000  50.00000  50.00000  50.00000  50.00000  50.00000
 100.00000  63.39898  53.58671  50.96235  50.25627  50.06818  50.01800
  50.00440  50.00114  50.00019  50.00005  50.00000  50.00000  50.00000
  50.00000  50.00000  50.00000  50.00000  50.00000  50.00000  50.00000
 100.00000  63.39898  53.58671  50.96235  50.25627  50.06818  50.01800
  50.00440  50.00114  50.00019  50.00005  50.00000  50.00000  50.00000
  50.00000  50.00000  50.00000  50.00000  50.00000  50.00000  50.00000
 100.00000  63.39898  53.58671  50.96235  50.25627  50.06818  50.01800
  50.00440  50.00114  50.00019  50.00005  50.00000  50.00000  50.00000
  50.00000  50.00000  50.00000  50.00000  50.00000  50.00000  50.00000
 100.00000  63.39898  53.58671  50.96235  50.25627  50.06818  50.01800
  50.00440  50.00114  50.00019  50.00005  50.00000  50.00000  50.00000
  50.00000  50.00000  50.00000  50.00000  50.00000  50.00000  50.00000
 100.00000  63.39898  53.58671  50.96235  50.25627  50.06818  50.01800
  50.00440  50.00114  50.00019  50.00005  50.00000  50.00000  50.00000
  50.00000  50.00000  50.00000  50.00000  50.00000  50.00000  50.00000
 100.00000  63.39898  53.58671  50.96235  50.25627  50.06818  50.01800
  50.00440  50.00114  50.00019  50.00005  50.00000  50.00000  50.00000
  50.00000  50.00000  50.00000  50.00000  50.00000  50.00000  50.00000
 100.00000  63.39898  53.58671  50.96235  50.25627  50.06818  50.01800
  50.00440  50.00114  50.00019  50.00005  50.00000  50.00000  50.00000
  50.00000  50.00000  50.00000  50.00000  50.00000  50.00000  50.00000
 100.00000  63.39898  53.58671  50.96235  50.25627  50.06818  50.01800
  50.00440  50.00114  50.00019  50.00005  50.00000  50.00000  50.00000
  50.00000  50.00000  50.00000  50.00000  50.00000  50.00000  50.00000
 100.00000  63.39898  53.58671  50.96235  50.25627  50.06818  50.01800
  50.00440  50.00114  50.00019  50.00005  50.00000  50.00000  50.00000
  50.00000  50.00000  50.00000  50.00000  50.00000  50.00000  50.00000
 100.00000  63.39898  53.58671  50.96235  50.25627  50.06818  50.01800
  50.00440  50.00114  50.00019  50.00005  50.00000  50.00000  50.00000
  50.00000  50.00000  50.00000  50.00000  50.00000  50.00000  50.00000
 100.00000  63.39898  53.58671  50.96235  50.25627  50.06818  50.01800
  50.00440  50.00114  50.00019  50.00005  50.00000  50.00000  50.00000
  50.00000  50.00000  50.00000  50.00000  50.00000  50.00000  50.00000
 100.00000  63.39898  53.58671  50.96235  50.25627  50.06818  50.01800
  50.00440  50.00114  50.00019  50.00005  50.00000  50.00000  50.00000
  50.00000  50.00000  50.00000  50.00000  50.00000  50.00000  50.00000
 100.00000  63.39898  53.58671  50.96235  50.25627  50.06818  50.01800
  50.00440  50.00114  50.00019  50.00005  50.00000  50.00000  50.00000
  50.00000  50.00000  50.00000  50.00000  50.00000  50.00000  50.00000
 100.00000  63.39898  53.58671  50.96235  50.25627  50.06818  50.01800
  50.00440  50.00114  50.00019  50.00005  50.00000  50.00000  50.00000
  50.00000  50.00000  50.00000  50.00000  50.00000  50.00000  50.00000
 100.00000  63.39899  53.58670  50.96236  50.25627  50.06818  50.01800
  50.00440  50.00114  50.00019  50.00005  50.00000  50.00000  50.00000
  50.00000  50.00000  50.00000  50.00000  50.00000  50.00000  50.00000
 100.00000  63.39891  53.58677  50.96233  50.25628  50.06818  50.01800
  50.00440  50.00114  50.00019  50.00005  50.00000  50.00000  50.00000
  50.00000  50.00000  50.00000  50.00000  50.00000  50.00000  50.00000
 100.00000  63.39925  53.58643  50.96249  50.25623  50.06819  50.01800
  50.00440  50.00114  50.00019  50.00005  50.00000  50.00000  50.00000
  50.00000  50.00000  50.00000  50.00000  50.00000  50.00000  50.00000
 100.00000  63.39818  53.58758  50.96185  50.25645  50.06814  50.01801
  50.00440  50.00114  50.00019  50.00005  50.00000  50.00000  50.00000
  50.00000  50.00000  50.00000  50.00000  50.00000  50.00000  50.00000
 100.00000  63.40057  53.58488  50.96348  50.25581  50.06831  50.01798
  50.00440  50.00114  50.00019  50.00005  50.00000  50.00000  50.00000
  50.00000  50.00000  50.00000  50.00000  50.00000  50.00000  50.00000
 100.00000  63.39690  53.58912  50.96082  50.25692  50.06799  50.01805
  50.00439  50.00114  50.00019  50.00005  50.00000  50.00000  50.00000
  50.00000  50.00000  50.00000  50.00000  50.00000  50.00000  50.00000
 100.00000  63.39898  53.58671  50.96235  50.25627  50.06818  50.01800
  50.00440  50.00114  50.00019  50.00005  50.00000  50.00000  50.00000
  50.00000  50.00000  50.00000  50.00000  50.00000  50.00000  50.00000
 100.00000  63.39898  53.58671  50.96235  50.25627  50.06818  50.01800
  50.00440  50.00114  50.00019  50.00005  50.00000  50.00000  50.00000
  50.00000  50.00000  50.00000  50.00000  50.00000  50.00000  50.00000
 100.00000  63.39898  53.58671  50.96235  50.25627  50.06818  50.01800
  50.00440  50.00114  50.00019  50.00005  50.00000  50.00000  50.00000
  50.00000  50.00000  50.00000  50.00000  50.00000  50.00000  50.00000
 100.00000  63.39898  53.58671  50.96235  50.25627  50.06818  50.01800
  50.00440  50.00114  50.00019  50.00005  50.00000  50.00000  50.00000
  50.00000  50.00000  50.00000  50.00000  50.00000  50.00000  50.00000
 100.00000  63.39898  53.58671  50.96235  50.25627  50.06818  50.01800
  50.00440  50.00114  50.00019  50.00005  50.00000  50.00000  50.00000
  50.00000  50.00000  50.00000  50.00000  50.00000  50.00000  50.00000
 100.00000  63.39898  53.58671  50.96235  50.25627  50.06818  50.01800
  50.00440  50.00114  50.00019  50.00005  50.00000  50.00000  50.00000
  50.00000  50.00000  50.00000  50.00000  50.00000  50.00000  50.00000
 100.00000  63.39898  53.58671  50.96235  50.25627  50.06818  50.01800
  50.00440  50.00114  50.00019  50.00005  50.00000  50.00000  50.00000
  50.00000  50.00000  50.00000  50.00000  50.00000  50.00000  50.00000
 100.00000  63.39898  53.58671  50.96235  50.25627  50.06818  50.01800
  50.00440  50.00114  50.00019  50.00005  50.00000  50.00000  50.00000
  50.00000  50.00000  50.00000  50.00000  50.00000  50.00000  50.00000
 100.00000  63.39898  53.58671  50.96235  50.25627  50.06818  50.01800
  50.00440  50.00114  50.00019  50.00005  50.00000  50.00000  50.00000
  50.00000  50.00000  50.00000  50.00000  50.00000  50.00000  50.00000
 100.00000  63.39898  53.58671  50.96235  50.25627  50.06818  50.01800
  50.00440  50.00114  50.00019  50.00005  50.00000  50.00000  50.00000
  50.00000  50.00000  50.00000  50.00000  50.00000  50.00000  50.00000
 100.00000  63.39898  53.58671  50.96235  50.25627  50.06818  50.01800
  50.00440  50.00114  50.00019  50.00005  50.00000  50.00000  50.00000
  50.00000  50.00000  50.00000  50.00000  50.00000  50.00000  50.00000
 100.00000  63.39898  53.58671  50.96235  50.25627  50.06818  50.01800
  50.00440  50.00114  50.00019  50.00005  50.00000  50.00000  50.00000
  50.00000  50.00000  50.00000  50.00000  50.00000  50.00000  50.00000
 100.00000  63.39898  53.58671  50.96235  50.25627  50.06818  50.01800
  50.00440  50.00114  50.00019  50.00005  50.00000  50.00000  50.00000
  50.00000  50.00000  50.00000  50.00000  50.00000  50.00000  50.00000
 100.00000  63.39898  53.58671  50.96235  50.25627  50.06818  50.01800
  50.00440  50.00114  50.00019  50.00005  50.00000  50.00000  50.00000
  50.00000  50.00000  50.00000  50.00000  50.00000  50.00000  50.00000
 100.00000  63.39898  53.58671  50.96235  50.25627  50.06818  50.01800
  50.00440  50.00114  50.00019  50.00005  50.00000  50.00000  50.00000
  50.00000  50.00000  50.00000  50.00000  50.00000  50.00000  50.00000
 100.00000  63.39899  53.58670  50.96236  50.25627  50.06818  50.01800
  50.00440  50.00114  50.00019  50.00005  50.00000  50.00000  50.00000
  50.00000  50.00000  50.00000  50.00000  50.00000  50.00000  50.00000
 100.00000  63.39891  53.58677  50.96233  50.25628  50.06818  50.01800
  50.00440  50.00114  50.00019  50.00005  50.00000  50.00000  50.00000
  50.00000  50.00000  50.00000  50.00000  50.00000  50.00000  50.00000
 100.00000  63.39925  53.58643  50.96249  50.25623  50.06819  50.01800
  50.00440  50.00114  50.00019  50.00005  50.00000  50.00000  50.00000
  50.00000  50.00000  50.00000  50.00000  50.00000  50.00000  50.00000
 100.00000  63.39818  53.58758  50.96185  50.25645  50.06814  50.01801
  50.00440  50.00114  50.00019  50.00005  50.00000  50.00000  50.00000
  50.00000  50.00000  50.00000  50.00000  50.00000  50.00000  50.00000
 100.00000  63.40057  53.58488  50.96348  50.25581  50.06831  50.01798
  50.00440  50.00114  50.00019  50.00005  50.00000  50.00000  50.00000
  50.00000  50.00000  50.00000  50.00000  50.00000  50.00000  50.00000
 100.00000  63.39690  53.58912  50.96082  50.25692  50.06799  50.01805
  50.00439  50.00114  50.00019  50.00005  50.00000  50.00000  50.00000
  50.00000  50.00000  50.00000  50.00000  50.00000  50.00000  50.00000
 100.00000  63.39898  53.58671  50.96235  50.25627  50.06818  50.01800
  50.00440  50.00114  50.00019  50.00005  50.00000  50.00000  50.00000
  50.00000  50.00000  50.00000  50.00000  50.00000  50.00000  50.00000
 100.00000  63.39898  53.58671  50.96235  50.25627  50.06818  50.01800
  50.00440  50.00114  50.00019  50.00005  50.00000  50.00000  50.00000
  50.00000  50.00000  50.00000  50.00000  50.00000  50.00000  50.00000
 100.00000  63.39898  53.58671  50.96235  50.25627  50.06818  50.01800
  50.00440  50.00114  50.00019  50.00005  50.00000  50.00000  50.00000
  50.00000  50.00000  50.00000  50.00000  50.00000  50.00000  50.00000
 100.00000  63.39898  53.58671  50.96235  50.25627  50.06818  50.01800
  50.00440  50.00114  50.00019  50.00005  50.00000  50.00000  50.00000
  50.00000  50.00000  50.00000  50.00000  50.00000  50.00000  50.00000
 100.00000  63.39898  53.58671  50.96235  50.25627  50.06818  50.01800
  50.00440  50.00114  50.00019  50.00005  50.00000  50.00000  50.00000
  50.00000  50.00000  50.00000  50.00000  50.00000  50.00000  50.00000
 100.00000  63.39898  53.58671  50.96235  50.25627  50.06818  50.01800
  50.00440  50.00114  50.00019  50.00005  50.00000  50.00000  50.00000
  50.00000  50.00000  50.00000  50.00000  50.00000  50.00000  50.00000
 100.00000  63.39898  53.58671  50.96235  50.25627  50.06818  50.01800
  50.00440  50.00114  50.00019  50.00005  50.00000  50.00000  50.00000
  50.00000  50.00000  50.00000  50.00000  50.00000  50.00000  50.00000
 100.00000  63.39898  53.58671  50.96235  50.25627  50.06818  50.01800
  50.00440  50.00114  50.00019  50.00005  50.00000  50.00000  50.00000
  50.00000  50.00000  50.00000  50.00000  50.00000  50.00000  50.00000
 100.00000  63.39898  53.58671  50.96235  50.25627  50.06818  50.01800
  50.00440  50.00114  50.00019  50.00005  50.00000  50.00000  50.00000
  50.00000  50.00000  50.00000  50.00000  50.00000  50.00000  50.00000
 100.00000  63.39898  53.58671  50.96235  50.25627  50.06818  50.01800
  50.00440  50.00114  50.00019  50.00005  50.00000  50.00000  50.00000
  50.00000  50.00000  50.00000  50.00000  50.00000  50.00000  50.00000
 100.00000  63.39898  53.58671  50.96235  50.25627  50.06818  50.01800
  50.00440  50.00114  50.00019  50.00005  50.00000  50.00000  50.00000
  50.00000  50.00000  50.00000  50.00000  50.00000  50.00000  50.00000
 100.00000  63.39898  53.58671  50.96235  50.25627  50.06818  50.01800
  50.00440  50.00114  50.00019  50.00005  50.00000  50.00000  50.00000
  50.00000  50.00000  50.00000  50.00000  50.00000  50.00000  50.00000
 100.00000  63.39898  53.58671  50.96235  50.25627  50.06818  50.01800
  50.00440  50.00114  50.00019  50.00005  50.00000  50.00000  50.00000
  50.00000  50.00000  50.00000  50.00000  50.00000  50.00000  50.00000
 100.00000  63.39898  53.58671  50.96235  50.25627  50.06818  50.01800
  50.00440  50.00114  50.00019  50.00005  50.00000  50.00000  50.00000
  50.00000  50.00000  50.00000  50.00000  50.00000  50.00000  50.00000
 100.00000  63.39898  53.58671  50.96235  50.25627  50.06818  50.01800
  50.00440  50.00114  50.00019  50.00005  50.00000  50.00000  50.00000
  50.00000  50.00000  50.00000  50.00000  50.00000  50.00000  50.00000
 100.00000  63.39899  53.58670  50.96236  50.25627  50.06818  50.01800
  50.00440  50.00114  50.00019  50.00005  50.00000  50.00000  50.00000
  50.00000  50.00000  50.00000  50.00000  50.00000  50.00000  50.00000
 100.00000  63.39891  53.58677  50.96233  50.25628  50.06818  50.01800
  50.00440  50.00114  50.00019  50.00005  50.00000  50.00000  50.00000
  50.00000  50.00000  50.00000  50.00000  50.00000  50.00000  50.00000
 100.00000  63.39925  53.58643  50.96249  50.25623  50.06819  50.01800
  50.00440  50.00114  50.00019  50.00005  50.00000  50.00000  50.00000
  50.00000  50.00000  50.00000  50.00000  50.00000  50.00000  50.00000
 100.00000  63.39818  53.58758  50.96185  50.25645  50.06814  50.01801
  50.00440  50.00114  50.00019  50.00005  50.00000  50.00000  50.00000
  50.00000  50.00000  50.00000  50.00000  50.00000  50.00000  50.00000
 100.00000  63.40057  53.58488  50.96348  50.25581  50.06831  50.01798
  50.00440  50.00114  50.00019  50.00005  50.00000  50.00000  50.00000
  50.00000  50.00000  50.00000  50.00000  50.00000  50.00000  50.00000
 100.00000  63.39690  53.58912  50.96082  50.25692  50.06799  50.01805
  50.00439  50.00114  50.00019  50.00005  50.00000  50.00000  50.00000
  50.00000  50.00000  50.00000  50.00000  50.00000  50.00000  50.00000
 100.00000  63.39898  53.58671  50.96235  50.25627  50.06818  50.01800
  50.00440  50.00114  50.00019  50.00005  50.00000  50.00000  50.00000
  50.00000  50.00000  50.00000  50.00000  50.00000  50.00000  50.00000
 100.00000  63.39898  53.58671  50.96235  50.25627  50.06818  50.01800
  50.00440  50.00114  50.00019  50.00005  50.00000  50.00000  50.00000
  50.00000  50.00000  50.00000  50.00000  50.00000  50.00000  50.00000
 100.00000  63.39898  53.58671  50.96235  50.25627  50.06818  50.01800
  50.00440  50.00114  50.00019  50.00005  50.00000  50.00000  50.00000
  50.00000  50.00000  50.00000  50.00000  50.00000  50.00000  50.00000
 100.00000  63.39898  53.58671  50.96235  50.25627  50.06818  50.01800
  50.00440  50.00114  50.00019  50.00005  50.00000  50.00000  50.00000
  50.00000  50.00000  50.00000  50.00000  50.00000  50.00000  50.00000
 100.00000  63.39898  53.58671  50.96235  50.25627  50.06818  50.01800
  50.00440  50.00114  50.00019  50.00005  50.00000  50.00000  50.00000
  50.00000  50.00000  50.00000  50.00000  50.00000  50.00000  50.00000
 100.00000  63.39898  53.58671  50.96235  50.25627  50.06818  50.01800
  50.00440  50.00114  50.00019  50.00005  50.00000  50.00000  50.00000
  50.00000  50.00000  50.00000  50.00000  50.00000  50.00000  50.00000
 100.00000  63.39898  53.58671  50.96235  50.25627  50.06818  50.01800
  50.00440  50.00114  50.00019  50.00005  50.00000  50.00000  50.00000
  50.00000  50.00000  50.00000  50.00000  50.00000  50.00000  50.00000
 100.00000  63.39898  53.58671  50.96235  50.25627  50.06818  50.01800
  50.00440  50.00114  50.00019  50.00005  50.00000  50.00000  50.00000
  50.00000  50.00000  50.00000  50.00000  50.00000  50.00000  50.00000
 100.00000  63.39898  53.58671  50.96235  50.25627  50.06818  50.01800
  50.00440  50.00114  50.00019  50.00005  50.00000  50.00000  50.00000
  50.00000  50.00000  50.00000  50.00000  50.00000  50.00000  50.00000
 100.00000  63.39898  53.58671  50.96235  50.25627  50.06818  50.01800
  50.00440  50.00114  50.00019  50.00005  50.00000  50.00000  50.00000
  50.00000  50.00000  50.00000  50.00000  50.00000  50.00000  50.00000
 100.00000  63.39898  53.58671  50.96235  50.25627  50.06818  50.01800
  50.00440  50.00114  50.00019  50.00005  50.00000  50.00000  50.00000
  50.00000  50.00000  50.00000  50.00000  50.00000  50.00000  50.00000
 100.00000  63.39898  53.58671  50.96235  50.25627  50.06818  50.01800
  50.00440  50.00114  50.00019  50.00005  50.00000  50.00000  50.00000
  50.00000  50.00000  50.00000  50.00000  50.00000  50.00000  50.00000
 100.00000  63.39898  53.58671  50.96235  50.25627  50.06818  50.01800
  50.00440  50.00114  50.00019  50.00005  50.00000  50.00000  50.00000
  50.00000  50.00000  50.00000  50.00000  50.00000  50.00000  50.00000
 100.00000  63.39898  53.58671  50.96235  50.25627  50.06818  50.01800
  50.00440  50.00114  50.00019  50.00005  50.00000  50.00000  50.00000
  50.00000  50.00000  50.00000  50.00000  50.00000  50.00000  50.00000
 100.00000  63.39898  53.58671  50.96235  50.25627  50.06818  50.01800
  50.00440  50.00114  50.00019  50.00005  50.00000  50.00000  50.00000
  50.00000  50.00000  50.00000  50.00000  50.00000  50.00000  50.00000
 100.00000  63.39899  53.58670  50.96236  50.25627  50.06818  50.01800
  50.00440  50.00114  50.00019  50.00005  50.00000  50.00000  50.00000
  50.00000  50.00000  50.00000  50.00000  50.00000  50.00000  50.00000
 100.00000  63.39891  53.58677  50.96233  50.25628  50.06818  50.01800
  50.00440  50.00114  50.00019  50.00005  50.00000  50.00000  50.00000
  50.00000  50.00000  50.00000  50.00000  50.00000  50.00000  50.00000
 100.00000  63.39925  53.58643  50.96249  50.25623  50.06819  50.01800
  50.00440  50.00114  50.00019  50.00005  50.00000  50.00000  50.00000
  50.00000  50.00000  50.00000  50.00000  50.00000  50.00000  50.00000
 100.00000  63.39818  53.58758  50.96185  50.25645  50.06814  50.01801
  50.00440  50.00114  50.00019  50.00005  50.00000  50.00000  50.00000
  50.00000  50.00000  50.00000  50.00000  50.00000  50.00000  50.00000
 100.00000  63.40057  53.58488  50.96348  50.25581  50.06831  50.01798
  50.00440  50.00114  50.00019  50.00005  50.00000  50.00000  50.00000
  50.00000  50.00000  50.00000  50.00000  50.00000  50.00000  50.00000
 100.00000  63.39690  53.58912  50.96082  50.25692  50.06799  50.01805
  50.00439  50.00114  50.00019  50.00005  50.00000  50.00000  50.00000
  50.00000  50.00000  50.00000  50.00000  50.00000  50.00000  50.00000
 100.00000  63.39898  53.58671  50.96235  50.25627  50.06818  50.01800
  50.00440  50.00114  50.00019  50.00005  50.00000  50.00000  50.00000
  50.00000  50.00000  50.00000  50.00000  50.00000  50.00000  50.00000
 100.00000  63.39898  53.58671  50.96235  50.25627  50.06818  50.01800
  50.00440  50.00114  50.00019  50.00005  50.00000  50.00000  50.00000
  50.00000  50.00000  50.00000  50.00000  50.00000  50.00000  50.00000
 100.00000  63.39898  53.58671  50.96235  50.25627  50.06818  50.01800
  50.00440  50.00114  50.00019  50.00005  50.00000  50.00000  50.00000
  50.00000  50.00000  50.00000  50.00000  50.00000  50.00000  50.00000
 100.00000  63.39898  53.58671  50.96235  50.25627  50.06818  50.01800
  50.00440  50.00114  50.00019  50.00005  50.00000  50.00000  50.00000
  50.00000  50.00000  50.00000  50.00000  50.00000  50.00000  50.00000
 100.00000  63.39898  53.58671  50.96235  50.25627  50.06818  50.01800
  50.00440  50.00114  50.00019  50.00005  50.00000  50.00000  50.00000
  50.00000  50.00000  50.00000  50.00000  50.00000  50.00000  50.00000
 100.00000  63.39898  53.58671  50.96235  50.25627  50.06818  50.01800
  50.00440  50.00114  50.00019  50.00005  50.00000  50.00000  50.00000
  50.00000  50.00000  50.00000  50.00000  50.00000  50.00000  50.00000
 100.00000  63.39898  53.58671  50.96235  50.25627  50.06818  50.01800
  50.00441  50.00113  50.00019  50.00005  50.00000  50.00000  50.00000
  50.00000  50.00000  50.00000  50.00000  50.00000  50.00000  50.00000
 100.00000  63.39898  53.58671  50.96235  50.25627  50.06818  50.01801
  50.00440  50.00114  50.00017  50.00005  50.00000  50.00000  50.00000
  50.00000  50.00000  50.00000  50.00000  50.00000  50.00000  50.00000
 100.00000  63.39898  53.58671  50.96235  50.25627  50.06818  50.01801
  50.00441  50.00113  50.00017  50.00005  50.00000  50.00000  50.00000
  50.00000  50.00000  50.00000  50.00000  50.00000  50.00000  50.00000
 100.00000  63.39898  53.58671  50.96235  50.25627  50.06818  50.01801
  50.00441  50.00113  50.00017  50.00005  50.00000  50.00000  50.00000
  50.00000  50.00000  50.00000  50.00000  50.00000  50.00000  50.00000
 100.00000  63.39898  53.58671  50.96235  50.25627  50.06818  50.01801
  50.00441  50.00113  50.00017  50.00005  50.00000  50.00000  50.00000
  50.00000  50.00000  50.00000  50.00000  50.00000  50.00000  50.00000
 100.00000  63.39898  53.58671  50.96235  50.25627  50.06818  50.01801
  50.00441  50.00113  50.00017  50.00005  50.00000  50.00000  50.00000
  50.00000  50.00000  50.00000  50.00000  50.00000  50.00000  50.00000
 100.00000  63.39898  53.58671  50.96235  50.25627  50.06818  50.01801
  50.00441  50.00113  50.00017  50.00005  50.00000  50.00000  50.00000
  50.00000  50.00000  50.00000  50.00000  50.00000  50.00000  50.00000
 100.00000  63.39898  53.58671  50.96235  50.25627  50.06818  50.01801
  50.00440  50.00114  50.00017  50.00005  50.00000  50.00000  50.00000
  50.00000  50.00000  50.00000  50.00000  50.00000  50.00000  50.00000
 100.00000  63.39898  53.58671  50.96235  50.25627  50.06818  50.01800
  50.00441  50.00113  50.00019  50.00005  50.00000  50.00000  50.00000
  50.00000  50.00000  50.00000  50.00000  50.00000  50.00000  50.00000
 100.00000  63.39899  53.58670  50.96236  50.25627  50.06818  50.01800
  50.00440  50.00114  50.00019  50.00005  50.00000  50.00000  50.00000
  50.00000  50.00000  50.00000  50.00000  50.00000  50.00000  50.00000
 100.00000  63.39891  53.58677  50.96233  50.25628  50.06818  50.01800
  50.00440  50.00114  50.00019  50.00005  50.00000  50.00000  50.00000
  50.00000  50.00000  50.00000  50.00000  50.00000  50.00000  50.00000
 100.00000  63.39925  53.58643  50.96249  50.25623  50.06819  50.01800
  50.00440  50.00114  50.00019  50.00005  50.00000  50.00000  50.00000
  50.00000  50.00000  50.00000  50.00000  50.00000  50.00000  50.00000
 100.00000  63.39818  53.58758  50.96185  50.25645  50.06814  50.01801
  50.00440  50.00114  50.00019  50.00005  50.00000  50.00000  50.00000
  50.00000  50.00000  50.00000  50.00000  50.00000  50.00000  50.00000
 100.00000  63.40057  53.58488  50.96348  50.25581  50.06831  50.01798
  50.00440  50.00114  50.00019  50.00005  50.00000  50.00000  50.00000
  50.00000  50.00000  50.00000  50.00000  50.00000  50.00000  50.00000
 100.00000  63.39690  53.58912  50.96082  50.25692  50.06799  50.01805
  50.00439  50.00114  50.00019  50.00005  50.00000  50.00000  50.00000
  50.00000  50.00000  50.00000  50.00000  50.00000  50.00000  50.00000
 100.00000  63.39898  53.58671  50.96235  50.25627  50.06818  50.01800
  50.00440  50.00114  50.00019  50.00005  50.00000  50.00000  50.00000
  50.00000  50.00000  50.00000  50.00000  50.00000  50.00000  50.00000
 100.00000  63.39898  53.58671  50.96235  50.25627  50.06818  50.01800
  50.00440  50.00114  50.00019  50.00005  50.00000  50.00000  50.00000
  50.00000  50.00000  50.00000  50.00000  50.00000  50.00000  50.00000
 100.00000  63.39898  53.58671  50.96235  50.25627  50.06818  50.01800
  50.00440  50.00114  50.00019  50.00005  50.00000  50.00000  50.00000
  50.00000  50.00000  50.00000  50.00000  50.00000  50.00000  50.00000
 100.00000  63.39898  53.58671  50.96235  50.25627  50.06818  50.01800
  50.00440  50.00114  50.00019  50.00005  50.00000  50.00000  50.00000
  50.00000  50.00000  50.00000  50.00000  50.00000  50.00000  50.00000
 100.00000  63.39898  53.58671  50.96235  50.25627  50.06818  50.01800
  50.00440  50.00114  50.00019  50.00005  50.00000  50.00000  50.00000
  50.00000  50.00000  50.00000  50.00000  50.00000  50.00000  50.00000
 100.00000  63.39898  53.58671  50.96235  50.25627  50.06818  50.01800
  50.00440  50.00114  50.00019  50.00005  50.00000  50.00000  50.00000
  50.00000  50.00000  50.00000  50.00000  50.00000  50.00000  50.00000
 100.00000  63.39898  53.58671  50.96235  50.25627  50.06818  50.01801
  50.00440  50.00114  50.00017  50.00005  50.00000  50.00000  50.00000
  50.00000  50.00000  50.00000  50.00000  50.00000  50.00000  50.00000
 100.00000  63.39898  53.58671  50.96235  50.25627  50.06819  50.01802
  50.00479  50.00079  50.00015  50.00003  50.00000  50.00000  50.00000
  50.00000  50.00000  50.00000  50.00000  50.00000  50.00000  50.00000
 100.00000  63.39898  53.58671  50.96235  50.25627  50.06819  50.01803
  50.00481  50.00078  50.00014  50.00003  50.00000  50.00000  50.00000
  50.00000  50.00000  50.00000  50.00000  50.00000  50.00000  50.00000
 100.00000  63.39898  53.58671  50.96235  50.25627  50.06819  50.01803
  50.00481  50.00078  50.00014  50.00003  50.00000  50.00000  50.00000
  50.00000  50.00000  50.00000  50.00000  50.00000  50.00000  50.00000
 100.00000  63.39898  53.58671  50.96235  50.25627  50.06819  50.01803
  50.00481  50.00078  50.00014  50.00003  50.00000  50.00000  50.00000
  50.00000  50.00000  50.00000  50.00000  50.00000  50.00000  50.00000
 100.00000  63.39898  53.58671  50.96235  50.25627  50.06819  50.01803
  50.00481  50.00078  50.00014  50.00003  50.00000  50.00000  50.00000
  50.00000  50.00000  50.00000  50.00000  50.00000  50.00000  50.00000
 100.00000  63.39898  53.58671  50.96235  50.25627  50.06819  50.01803
  50.00481  50.00078  50.00014  50.00003  50.00000  50.00000  50.00000
  50.00000  50.00000  50.00000  50.00000  50.00000  50.00000  50.00000
 100.00000  63.39898  53.58671  50.96235  50.25627  50.06819  50.01802
  50.00479  50.00079  50.00015  50.00003  50.00000  50.00000  50.00000
  50.00000  50.00000  50.00000  50.00000  50.00000  50.00000  50.00000
 100.00000  63.39898  53.58671  50.96235  50.25627  50.06818  50.01801
  50.00440  50.00114  50.00017  50.00005  50.00000  50.00000  50.00000
  50.00000  50.00000  50.00000  50.00000  50.00000  50.00000  50.00000
 100.00000  63.39899  53.58670  50.96236  50.25627  50.06818  50.01800
  50.00440  50.00114  50.00019  50.00005  50.00000  50.00000  50.00000
  50.00000  50.00000  50.00000  50.00000  50.00000  50.00000  50.00000
 100.00000  63.39891  53.58677  50.96233  50.25628  50.06818  50.01800
  50.00440  50.00114  50.00019  50.00005  50.00000  50.00000  50.00000
  50.00000  50.00000  50.00000  50.00000  50.00000  50.00000  50.00000
 100.00000  63.39925  53.58643  50.96249  50.25623  50.06819  50.01800
  50.00440  50.00114  50.00019  50.00005  50.00000  50.00000  50.00000
  50.00000  50.00000  50.00000  50.00000  50.00000  50.00000  50.00000
 100.00000  63.39818  53.58758  50.96185  50.25645  50.06814  50.01801
  50.00440  50.00114  50.00019  50.00005  50.00000  50.00000  50.00000
  50.00000  50.00000  50.00000  50.00000  50.00000  50.00000  50.00000
 100.00000  63.40057  53.58488  50.96348  50.25581  50.06831  50.01798
  50.00440  50.00114  50.00019  50.00005  50.00000  50.00000  50.00000
  50.00000  50.00000  50.00000  50.00000  50.00000  50.00000  50.00000
 100.00000  63.39690  53.58912  50.96082  50.25692  50.06799  50.01805
  50.00439  50.00114  50.00019  50.00005  50.00000  50.00000  50.00000
  50.00000  50.00000  50.00000  50.00000  50.00000  50.00000  50.00000
 100.00000  63.39898  53.58671  50.96235  50.25627  50.06818  50.01800
  50.00440  50.00114  50.00019  50.00005  50.00000  50.00000  50.00000
  50.00000  50.00000  50.00000  50.00000  50.00000  50.00000  50.00000
 100.00000  63.39898  53.58671  50.96235  50.25627  50.06818  50.01800
  50.00440  50.00114  50.00019  50.00005  50.00000  50.00000  50.00000
  50.00000  50.00000  50.00000  50.00000  50.00000  50.00000  50.00000
 100.00000  63.39898  53.58671  50.96235  50.25627  50.06818  50.01800
  50.00440  50.00114  50.00019  50.00005  50.00000  50.00000  50.00000
  50.00000  50.00000  50.00000  50.00000  50.00000  50.00000  50.00000
 100.00000  63.39898  53.58671  50.96235  50.25627  50.06818  50.01800
  50.00440  50.00114  50.00019  50.00005  50.00000  50.00000  50.00000
  50.00000  50.00000  50.00000  50.00000  50.00000  50.00000  50.00000
 100.00000  63.39898  53.58671  50.96235  50.25627  50.06818  50.01800
  50.00440  50.00114  50.00019  50.00005  50.00000  50.00000  50.00000
  50.00000  50.00000  50.00000  50.00000  50.00000  50.00000  50.00000
 100.00000  63.39898  53.58671  50.96235  50.25627  50.06818  50.01800
  50.00440  50.00114  50.00019  50.00005  50.00000  50.00000  50.00000
  50.00000  50.00000  50.00000  50.00000  50.00000  50.00000  50.00000
 100.00000  63.39898  53.58671  50.96235  50.25627  50.06818  50.01801
  50.00441  50.00113  50.00017  50.00005  50.00000  50.00000  50.00000
  50.00000  50.00000  50.00000  50.00000  50.00000  50.00000  50.00000
 100.00000  63.39898  53.58671  50.96235  50.25627  50.06819  50.01803
  50.00481  50.00078  50.00014  50.00003  50.00000  50.00000  50.00000
  50.00000  50.00000  50.00000  50.00000  50.00000  50.00000  50.00000
 100.00000  63.39898  53.58671  50.96235  50.25627  50.06819  50.01804
  50.00484  50.00075  50.00012  50.00003  50.00000  50.00000  50.00000
  50.00000  50.00000  50.00000  50.00000  50.00000  50.00000  50.00000
 100.00000  63.39898  53.58671  50.96235  50.25627  50.06819  50.01804
  50.00484  50.00075  50.00012  50.00003  50.00000  50.00000  50.00000
  50.00000  50.00000  50.00000  50.00000  50.00000  50.00000  50.00000
 100.00000  63.39898  53.58671  50.96235  50.25627  50.06819  50.01804
  50.00484  50.00075  50.00012  50.00003  50.00000  50.00000  50.00000
  50.00000  50.00000  50.00000  50.00000  50.00000  50.00000  50.00000
 100.00000  63.39898  53.58671  50.96235  50.25627  50.06819  50.01804
  50.00484  50.00075  50.00012  50.00003  50.00000  50.00000  50.00000
  50.00000  50.00000  50.00000  50.00000  50.00000  50.00000  50.00000
 100.00000  63.39898  53.58671  50.96235  50.25627  50.06819  50.01804
  50.00484  50.00075  50.00012  50.00003  50.00000  50.00000  50.00000
  50.00000  50.00000  50.00000  50.00000  50.00000  50.00000  50.00000
 100.00000  63.39898  53.58671  50.96235  50.25627  50.06819  50.01803
  50.00481  50.00078  50.00014  50.00003  50.00000  50.00000  50.00000
  50.00000  50.00000  50.00000  50.00000  50.00000  50.00000  50.00000
 100.00000  63.39898  53.58671  50.96235  50.25627  50.06818  50.01801
  50.00441  50.00113  50.00017  50.00005  50.00000  50.00000  50.00000
  50.00000  50.00000  50.00000  50.00000  50.00000  50.00000  50.00000
 100.00000  63.39899  53.58670  50.96236  50.25627  50.06818  50.01800
  50.00440  50.00114  50.00019  50.00005  50.00000  50.00000  50.00000
  50.00000  50.00000  50.00000  50.00000  50.00000  50.00000  50.00000
 100.00000  63.39891  53.58677  50.96233  50.25628  50.06818  50.01800
  50.00440  50.00114  50.00019  50.00005  50.00000  50.00000  50.00000
  50.00000  50.00000  50.00000  50.00000  50.00000  50.00000  50.00000
 100.00000  63.39925  53.58643  50.96249  50.25623  50.06819  50.01800
  50.00440  50.00114  50.00019  50.00005  50.00000  50.00000  50.00000
  50.00000  50.00000  50.00000  50.00000  50.00000  50.00000  50.00000
 100.00000  63.39818  53.58758  50.96185  50.25645  50.06814  50.01801
  50.00440  50.00114  50.00019  50.00005  50.00000  50.00000  50.00000
  50.00000  50.00000  50.00000  50.00000  50.00000  50.00000  50.00000
 100.00000  63.40057  53.58488  50.96348  50.25581  50.06831  50.01798
  50.00440  50.00114  50.00019  50.00005  50.00000  50.00000  50.00000
  50.00000  50.00000  50.00000  50.00000  50.00000  50.00000  50.00000
 100.00000  63.39690  53.58912  50.96082  50.25692  50.06799  50.01805
  50.00439  50.00114  50.00019  50.00005  50.00000  50.00000  50.00000
  50.00000  50.00000  50.00000  50.00000  50.00000  50.00000  50.00000
 100.00000  63.39898  53.58671  50.96235  50.25627  50.06818  50.01800
  50.00440  50.00114  50.00019  50.00005  50.00000  50.00000  50.00000
  50.00000  50.00000  50.00000  50.00000  50.00000  50.00000  50.00000
 100.00000  63.39898  53.58671  50.96235  50.25627  50.06818  50.01800
  50.00440  50.00114  50.00019  50.00005  50.00000  50.00000  50.00000
  50.00000  50.00000  50.00000  50.00000  50.00000  50.00000  50.00000
 100.00000  63.39898  53.58671  50.96235  50.25627  50.06818  50.01800
  50.00440  50.00114  50.00019  50.00005  50.00000  50.00000  50.00000
  50.00000  50.00000  50.00000  50.00000  50.00000  50.00000  50.00000
 100.00000  63.39898  53.58671  50.96235  50.25627  50.06818  50.01800
  50.00440  50.00114  50.00019  50.00005  50.00000  50.00000  50.00000
  50.00000  50.00000  50.00000  50.00000  50.00000  50.00000  50.00000
 100.00000  63.39898  53.58671  50.96235  50.25627  50.06818  50.01800
  50.00440  50.00114  50.00019  50.00005  50.00000  50.00000  50.00000
  50.00000  50.00000  50.00000  50.00000  50.00000  50.00000  50.00000
 100.00000  63.39898  53.58671  50.96235  50.25627  50.06818  50.01800
  50.00440  50.00114  50.00019  50.00005  50.00000  50.00000  50.00000
  50.00000  50.00000  50.00000  50.00000  50.00000  50.00000  50.00000
 100.00000  63.39898  53.58671  50.96235  50.25627  50.06818  50.01801
  50.00441  50.00113  50.00017  50.00005  50.00000  50.00000  50.00000
  50.00000  50.00000  50.00000  50.00000  50.00000  50.00000  50.00000
 100.00000  63.39898  53.58671  50.96235  50.25627  50.06819  50.01803
  50.00481  50.00078  50.00014  50.00003  50.00000  50.00000  50.00000
  50.00000  50.00000  50.00000  50.00000  50.00000  50.00000  50.00000
 100.00000  63.39898  53.58671  50.96235  50.25627  50.06819  50.01804
  50.00484  50.00075  50.00012  50.00003  50.00000  50.00000  50.00000
  50.00000  50.00000  50.00000  50.00000  50.00000  50.00000  50.00000
 100.00000  63.39898  53.58671  50.96235  50.25627  50.06819  50.01804
  50.00484  50.00075  50.00012  50.00003  50.00000  50.00000  50.00000
  50.00000  50.00000  50.00000  50.00000  50.00000  50.00000  50.00000
 100.00000  63.39898  53.58671  50.96235  50.25627  50.06819  50.01804
  50.00484  50.00075  50.00012  50.00003  50.00000  50.00000  50.00000
  50.00000  50.00000  50.00000  50.00000  50.00000  50.00000  50.00000
 100.00000  63.39898  53.58671  50.96235  50.25627  50.06819  50.01804
  50.00484  50.00075  50.00012  50.00003  50.00000  50.00000  50.00000
  50.00000  50.00000  50.00000  50.00000  50.00000  50.00000  50.00000
 100.00000  63.39898  53.58671  50.96235  50.25627  50.06819  50.01804
  50.00484  50.00075  50.00012  50.00003  50.00000  50.00000  50.00000
  50.00000  50.00000  50.00000  50.00000  50.00000  50.00000  50.00000
 100.00000  63.39898  53.58671  50.96235  50.25627  50.06819  50.01803
  50.00481  50.00078  50.00014  50.00003  50.00000  50.00000  50.00000
  50.00000  50.00000  50.00000  50.00000  50.00000  50.00000  50.00000
 100.00000  63.39898  53.58671  50.96235  50.25627  50.06818  50.01801
  50.00441  50.00113  50.00017  50.00005  50.00000  50.00000  50.00000
  50.00000  50.00000  50.00000  50.00000  50.00000  50.00000  50.00000
 100.00000  63.39899  53.58670  50.96236  50.25627  50.06818  50.01800
  50.00440  50.00114  50.00019  50.00005  50.00000  50.00000  50.00000
  50.00000  50.00000  50.00000  50.00000  50.00000  50.00000  50.00000
 100.00000  63.39891  53.58677  50.96233  50.25628  50.06818  50.01800
  50.00440  50.00114  50.00019  50.00005  50.00000  50.00000  50.00000
  50.00000  50.00000  50.00000  50.00000  50.00000  50.00000  50.00000
 100.00000  63.39925  53.58643  50.96249  50.25623  50.06819  50.01800
  50.00440  50.00114  50.00019  50.00005  50.00000  50.00000  50.00000
  50.00000  50.00000  50.00000  50.00000  50.00000  50.00000  50.00000
 100.00000  63.39818  53.58758  50.96185  50.25645  50.06814  50.01801
  50.00440  50.00114  50.00019  50.00005  50.00000  50.00000  50.00000
  50.00000  50.00000  50.00000  50.00000  50.00000  50.00000  50.00000
 100.00000  63.40057  53.58488  50.96348  50.25581  50.06831  50.01798
  50.00440  50.00114  50.00019  50.00005  50.00000  50.00000  50.00000
  50.00000  50.00000  50.00000  50.00000  50.00000  50.00000  50.00000
 100.00000  63.39690  53.58912  50.96082  50.25692  50.06799  50.01805
  50.00439  50.00114  50.00019  50.00005  50.00000  50.00000  50.00000
  50.00000  50.00000  50.00000  50.00000  50.00000  50.00000  50.00000
 100.00000  63.39898  53.58671  50.96235  50.25627  50.06818  50.01800
  50.00440  50.00114  50.00019  50.00005  50.00000  50.00000  50.00000
  50.00000  50.00000  50.00000  50.00000  50.00000  50.00000  50.00000
 100.00000  63.39898  53.58671  50.96235  50.25627  50.06818  50.01800
  50.00440  50.00114  50.00019  50.00005  50.00000  50.00000  50.00000
  50.00000  50.00000  50.00000  50.00000  50.00000  50.00000  50.00000
 100.00000  63.39898  53.58671  50.96235  50.25627  50.06818  50.01800
  50.00440  50.00114  50.00019  50.00005  50.00000  50.00000  50.00000
  50.00000  50.00000  50.00000  50.00000  50.00000  50.00000  50.00000
 100.00000  63.39898  53.58671  50.96235  50.25627  50.06818  50.01800
  50.00440  50.00114  50.00019  50.00005  50.00000  50.00000  50.00000
  50.00000  50.00000  50.00000  50.00000  50.00000  50.00000  50.00000
 100.00000  63.39898  53.58671  50.96235  50.25627  50.06818  50.01800
  50.00440  50.00114  50.00019  50.00005  50.00000  50.00000  50.00000
  50.00000  50.00000  50.00000  50.00000  50.00000  50.00000  50.00000
 100.00000  63.39898  53.58671  50.96235  50.25627  50.06818  50.01800
  50.00440  50.00114  50.00019  50.00005  50.00000  50.00000  50.00000
  50.00000  50.00000  50.00000  50.00000  50.00000  50.00000  50.00000
 100.00000  63.39898  53.58671  50.96235  50.25627  50.06818  50.01801
  50.00441  50.00113  50.00017  50.00005  50.00000  50.00000  50.00000
  50.00000  50.00000  50.00000  50.00000  50.00000  50.00000  50.00000
 100.00000  63.39898  53.58671  50.96235  50.25627  50.06819  50.01803
  50.00481  50.00078  50.00014  50.00003  50.00000  50.00000  50.00000
  50.00000  50.00000  50.00000  50.00000  50.00000  50.00000  50.00000
 100.00000  63.39898  53.58671  50.96235  50.25627  50.06819  50.01804
  50.00484  50.00075  50.00012  50.00003  50.00000  50.00000  50.00000
  50.00000  50.00000  50.00000  50.00000  50.00000  50.00000  50.00000
 100.00000  63.39898  53.58671  50.96235  50.25627  50.06819  50.01804
  50.00484  50.00075  50.00012  50.00003  50.00000  50.00000  50.00000
  50.00000  50.00000  50.00000  50.00000  50.00000  50.00000  50.00000
 100.00000  63.39898  53.58671  50.96235  50.25627  50.06819  50.01804
  50.00484  50.00075  50.00012  50.00003  50.00000  50.00000  50.00000
  50.00000  50.00000  50.00000  50.00000  50.00000  50.00000  50.00000
 100.00000  63.39898  53.58671  50.96235  50.25627  50.06819  50.01804
  50.00484  50.00075  50.00012  50.00003  50.00000  50.00000  50.00000
  50.00000  50.00000  50.00000  50.00000  50.00000  50.00000  50.00000
 100.00000  63.39898  53.58671  50.96235  50.25627  50.06819  50.01804
  50.00484  50.00075  50.00012  50.00003  50.00000  50.00000  50.00000
  50.00000  50.00000  50.00000  50.00000  50.00000  50.00000  50.00000
 100.00000  63.39898  53.58671  50.96235  50.25627  50.06819  50.01803
  50.00481  50.00078  50.00014  50.00003  50.00000  50.00000  50.00000
  50.00000  50.00000  50.00000  50.00000  50.00000  50.00000  50.00000
 100.00000  63.39898  53.58671  50.96235  50.25627  50.06818  50.01801
  50.00441  50.00113  50.00017  50.00005  50.00000  50.00000  50.00000
  50.00000  50.00000  50.00000  50.00000  50.00000  50.00000  50.00000
 100.00000  63.39899  53.58670  50.96236  50.25627  50.06818  50.01800
  50.00440  50.00114  50.00019  50.00005  50.00000  50.00000  50.00000
  50.00000  50.00000  50.00000  50.00000  50.00000  50.00000  50.00000
 100.00000  63.39891  53.58677  50.96233  50.25628  50.06818  50.01800
  50.00440  50.00114  50.00019  50.00005  50.00000  50.00000  50.00000
  50.00000  50.00000  50.00000  50.00000  50.00000  50.00000  50.00000
 100.00000  63.39925  53.58643  50.96249  50.25623  50.06819  50.01800
  50.00440  50.00114  50.00019  50.00005  50.00000  50.00000  50.00000
  50.00000  50.00000  50.00000  50.00000  50.00000  50.00000  50.00000
 100.00000  63.39818  53.58758  50.96185  50.25645  50.06814  50.01801
  50.00440  50.00114  50.00019  50.00005  50.00000  50.00000  50.00000
  50.00000  50.00000  50.00000  50.00000  50.00000  50.00000  50.00000
 100.00000  63.40057  53.58488  50.96348  50.25581  50.06831  50.01798
  50.00440  50.00114  50.00019  50.00005  50.00000  50.00000  50.00000
  50.00000  50.00000  50.00000  50.00000  50.00000  50.00000  50.00000
 100.00000  63.39690  53.58912  50.96082  50.25692  50.06799  50.01805
  50.00439  50.00114  50.00019  50.00005  50.00000  50.00000  50.00000
  50.00000  50.00000  50.00000  50.00000  50.00000  50.00000  50.00000
 100.00000  63.39898  53.58671  50.96235  50.25627  50.06818  50.01800
  50.00440  50.00114  50.00019  50.00005  50.00000  50.00000  50.00000
  50.00000  50.00000  50.00000  50.00000  50.00000  50.00000  50.00000
 100.00000  63.39898  53.58671  50.96235  50.25627  50.06818  50.01800
  50.00440  50.00114  50.00019  50.00005  50.00000  50.00000  50.00000
  50.00000  50.00000  50.00000  50.00000  50.00000  50.00000  50.00000
 100.00000  63.39898  53.58671  50.96235  50.25627  50.06818  50.01800
  50.00440  50.00114  50.00019  50.00005  50.00000  50.00000  50.00000
  50.00000  50.00000  50.00000  50.00000  50.00000  50.00000  50.00000
 100.00000  63.39898  53.58671  50.96235  50.25627  50.06818  50.01800
  50.00440  50.00114  50.00019  50.00005  50.00000  50.00000  50.00000
  50.00000  50.00000  50.00000  50.00000  50.00000  50.00000  50.00000
 100.00000  63.39898  53.58671  50.96235  50.25627  50.06818  50.01800
  50.00440  50.00114  50.00019  50.00005  50.00000  50.00000  50.00000
  50.00000  50.00000  50.00000  50.00000  50.00000  50.00000  50.00000
 100.00000  63.39898  53.58671  50.96235  50.25627  50.06818  50.01800
  50.00440  50.00114  50.00019  50.00005  50.00000  50.00000  50.00000
  50.00000  50.00000  50.00000  50.00000  50.00000  50.00000  50.00000
 100.00000  63.39898  53.58671  50.96235  50.25627  50.06818  50.01801
  50.00441  50.00113  50.00017  50.00005  50.00000  50.00000  50.00000
  50.00000  50.00000  50.00000  50.00000  50.00000  50.00000  50.00000
 100.00000  63.39898  53.58671  50.96235  50.25627  50.06819  50.01803
  50.00481  50.00078  50.00014  50.00003  50.00000  50.00000  50.00000
  50.00000  50.00000  50.00000  50.00000  50.00000  50.00000  50.00000
 100.00000  63.39898  53.58671  50.96235  50.25627  50.06819  50.01804
  50.00484  50.00075  50.00012  50.00003  50.00000  50.00000  50.00000
  50.00000  50.00000  50.00000  50.00000  50.00000  50.00000  50.00000
 100.00000  63.39898  53.58671  50.96235  50.25627  50.06819  50.01804
  50.00484  50.00075  50.00012  50.00003  50.00000  50.00000  50.00000
  50.00000  50.00000  50.00000  50.00000  50.00000  50.00000  50.00000
 100.00000  63.39898  53.58671  50.96235  50.25627  50.06819  50.01804
  50.00484  50.00075  50.00012  50.00003  50.00000  50.00000  50.00000
  50.00000  50.00000  50.00000  50.00000  50.00000  50.00000  50.00000
 100.00000  63.39898  53.58671  50.96235  50.25627  50.06819  50.01804
  50.00484  50.00075  50.00012  50.00003  50.00000  50.00000  50.00000
  50.00000  50.00000  50.00000  50.00000  50.00000  50.00000  50.00000
 100.00000  63.39898  53.58671  50.96235  50.25627  50.06819  50.01804
  50.00484  50.00075  50.00012  50.00003  50.00000  50.00000  50.00000
  50.00000  50.00000  50.00000  50.00000  50.00000  50.00000  50.00000
 100.00000  63.39898  53.58671  50.96235  50.25627  50.06819  50.01803
  50.00481  50.00078  50.00014  50.00003  50.00000  50.00000  50.00000
  50.00000  50.00000  50.00000  50.00000  50.00000  50.00000  50.00000
 100.00000  63.39898  53.58671  50.96235  50.25627  50.06818  50.01801
  50.00441  50.00113  50.00017  50.00005  50.00000  50.00000  50.00000
  50.00000  50.00000  50.00000  50.00000  50.00000  50.00000  50.00000
 100.00000  63.39899  53.58670  50.96236  50.25627  50.06818  50.01800
  50.00440  50.00114  50.00019  50.00005  50.00000  50.00000  50.00000
  50.00000  50.00000  50.00000  50.00000  50.00000  50.00000  50.00000
 100.00000  63.39891  53.58677  50.96233  50.25628  50.06818  50.01800
  50.00440  50.00114  50.00019  50.00005  50.00000  50.00000  50.00000
  50.00000  50.00000  50.00000  50.00000  50.00000  50.00000  50.00000
 100.00000  63.39925  53.58643  50.96249  50.25623  50.06819  50.01800
  50.00440  50.00114  50.00019  50.00005  50.00000  50.00000  50.00000
  50.00000  50.00000  50.00000  50.00000  50.00000  50.00000  50.00000
 100.00000  63.39818  53.58758  50.96185  50.25645  50.06814  50.01801
  50.00440  50.00114  50.00019  50.00005  50.00000  50.00000  50.00000
  50.00000  50.00000  50.00000  50.00000  50.00000  50.00000  50.00000
 100.00000  63.40057  53.58488  50.96348  50.25581  50.06831  50.01798
  50.00440  50.00114  50.00019  50.00005  50.00000  50.00000  50.00000
  50.00000  50.00000  50.00000  50.00000  50.00000  50.00000  50.00000
 100.00000  63.39690  53.58912  50.96082  50.25692  50.06799  50.01805
  50.00439  50.00114  50.00019  50.00005  50.00000  50.00000  50.00000
  50.00000  50.00000  50.00000  50.00000  50.00000  50.00000  50.00000
 100.00000  63.39898  53.58671  50.96235  50.25627  50.06818  50.01800
  50.00440  50.00114  50.00019  50.00005  50.00000  50.00000  50.00000
  50.00000  50.00000  50.00000  50.00000  50.00000  50.00000  50.00000
 100.00000  63.39898  53.58671  50.96235  50.25627  50.06818  50.01800
  50.00440  50.00114  50.00019  50.00005  50.00000  50.00000  50.00000
  50.00000  50.00000  50.00000  50.00000  50.00000  50.00000  50.00000
 100.00000  63.39898  53.58671  50.96235  50.25627  50.06818  50.01800
  50.00440  50.00114  50.00019  50.00005  50.00000  50.00000  50.00000
  50.00000  50.00000  50.00000  50.00000  50.00000  50.00000  50.00000
 100.00000  63.39898  53.58671  50.96235  50.25627  50.06818  50.01800
  50.00440  50.00114  50.00019  50.00005  50.00000  50.00000  50.00000
  50.00000  50.00000  50.00000  50.00000  50.00000  50.00000  50.00000
 100.00000  63.39898  53.58671  50.96235  50.25627  50.06818  50.01800
  50.00440  50.00114  50.00019  50.00005  50.00000  50.00000  50.00000
  50.00000  50.00000  50.00000  50.00000  50.00000  50.00000  50.00000
 100.00000  63.39898  53.58671  50.96235  50.25627  50.06818  50.01800
  50.00440  50.00114  50.00019  50.00005  50.00000  50.00000  50.00000
  50.00000  50.00000  50.00000  50.00000  50.00000  50.00000  50.00000
 100.00000  63.39898  53.58671  50.96235  50.25627  50.06818  50.01801
  50.00441  50.00113  50.00017  50.00005  50.00000  50.00000  50.00000
  50.00000  50.00000  50.00000  50.00000  50.00000  50.00000  50.00000
 100.00000  63.39898  53.58671  50.96235  50.25627  50.06819  50.01803
  50.00481  50.00078  50.00014  50.00003  50.00000  50.00000  50.00000
  50.00000  50.00000  50.00000  50.00000  50.00000  50.00000  50.00000
 100.00000  63.39898  53.58671  50.96235  50.25627  50.06819  50.01804
  50.00484  50.00075  50.00012  50.00003  50.00000  50.00000  50.00000
  50.00000  50.00000  50.00000  50.00000  50.00000  50.00000  50.00000
 100.00000  63.39898  53.58671  50.96235  50.25627  50.06819  50.01804
  50.00484  50.00075  50.00012  50.00003  50.00000  50.00000  50.00000
  50.00000  50.00000  50.00000  50.00000  50.00000  50.00000  50.00000
 100.00000  63.39898  53.58671  50.96235  50.25627  50.06819  50.01804
  50.00484  50.00075  50.00012  50.00003  50.00000  50.00000  50.00000
  50.00000  50.00000  50.00000  50.00000  50.00000  50.00000  50.00000
 100.00000  63.39898  53.58671  50.96235  50.25627  50.06819  50.01804
  50.00484  50.00075  50.00012  50.00003  50.00000  50.00000  50.00000
  50.00000  50.00000  50.00000  50.00000  50.00000  50.00000  50.00000
 100.00000  63.39898  53.58671  50.96235  50.25627  50.06819  50.01804
  50.00484  50.00075  50.00012  50.00003  50.00000  50.00000  50.00000
  50.00000  50.00000  50.00000  50.00000  50.00000  50.00000  50.00000
 100.00000  63.39898  53.58671  50.96235  50.25627  50.06819  50.01803
  50.00481  50.00078  50.00014  50.00003  50.00000  50.00000  50.00000
  50.00000  50.00000  50.00000  50.00000  50.00000  50.00000  50.00000
 100.00000  63.39898  53.58671  50.96235  50.25627  50.06818  50.01801
  50.00441  50.00113  50.00017  50.00005  50.00000  50.00000  50.00000
  50.00000  50.00000  50.00000  50.00000  50.00000  50.00000  50.00000
 100.00000  63.39899  53.58670  50.96236  50.25627  50.06818  50.01800
  50.00440  50.00114  50.00019  50.00005  50.00000  50.00000  50.00000
  50.00000  50.00000  50.00000  50.00000  50.00000  50.00000  50.00000
 100.00000  63.39891  53.58677  50.96233  50.25628  50.06818  50.01800
  50.00440  50.00114  50.00019  50.00005  50.00000  50.00000  50.00000
  50.00000  50.00000  50.00000  50.00000  50.00000  50.00000  50.00000
 100.00000  63.39925  53.58643  50.96249  50.25623  50.06819  50.01800
  50.00440  50.00114  50.00019  50.00005  50.00000  50.00000  50.00000
  50.00000  50.00000  50.00000  50.00000  50.00000  50.00000  50.00000
 100.00000  63.39818  53.58758  50.96185  50.25645  50.06814  50.01801
  50.00440  50.00114  50.00019  50.00005  50.00000  50.00000  50.00000
  50.00000  50.00000  50.00000  50.00000  50.00000  50.00000  50.00000
 100.00000  63.40057  53.58488  50.96348  50.25581  50.06831  50.01798
  50.00440  50.00114  50.00019  50.00005  50.00000  50.00000  50.00000
  50.00000  50.00000  50.00000  50.00000  50.00000  50.00000  50.00000
 100.00000  63.39690  53.58912  50.96082  50.25692  50.06799  50.01805
  50.00439  50.00114  50.00019  50.00005  50.00000  50.00000  50.00000
  50.00000  50.00000  50.00000  50.00000  50.00000  50.00000  50.00000
 100.00000  63.39898  53.58671  50.96235  50.25627  50.06818  50.01800
  50.00440  50.00114  50.00019  50.00005  50.00000  50.00000  50.00000
  50.00000  50.00000  50.00000  50.00000  50.00000  50.00000  50.00000
 100.00000  63.39898  53.58671  50.96235  50.25627  50.06818  50.01800
  50.00440  50.00114  50.00019  50.00005  50.00000  50.00000  50.00000
  50.00000  50.00000  50.00000  50.00000  50.00000  50.00000  50.00000
 100.00000  63.39898  53.58671  50.96235  50.25627  50.06818  50.01800
  50.00440  50.00114  50.00019  50.00005  50.00000  50.00000  50.00000
  50.00000  50.00000  50.00000  50.00000  50.00000  50.00000  50.00000
 100.00000  63.39898  53.58671  50.96235  50.25627  50.06818  50.01800
  50.00440  50.00114  50.00019  50.00005  50.00000  50.00000  50.00000
  50.00000  50.00000  50.00000  50.00000  50.00000  50.00000  50.00000
 100.00000  63.39898  53.58671  50.96235  50.25627  50.06818  50.01800
  50.00440  50.00114  50.00019  50.00005  50.00000  50.00000  50.00000
  50.00000  50.00000  50.00000  50.00000  50.00000  50.00000  50.00000
 100.00000  63.39898  53.58671  50.96235  50.25627  50.06818  50.01800
  50.00440  50.00114  50.00019  50.00005  50.00000  50.00000  50.00000
  50.00000  50.00000  50.00000  50.00000  50.00000  50.00000  50.00000
 100.00000  63.39898  53.58671  50.96235  50.25627  50.06818  50.01801
  50.00440  50.00114  50.00017  50.00005  50.00000  50.00000  50.00000
  50.00000  50.00000  50.00000  50.00000  50.00000  50.00000  50.00000
 100.00000  63.39898  53.58671  50.96235  50.25627  50.06819  50.01802
  50.00479  50.00079  50.00015  50.00003  50.00000  50.00000  50.00000
  50.00000  50.00000  50.00000  50.00000  50.00000  50.00000  50.00000
 100.00000  63.39898  53.58671  50.96235  50.25627  50.06819  50.01803
  50.00481  50.00078  50.00014  50.00003  50.00000  50.00000  50.00000
  50.00000  50.00000  50.00000  50.00000  50.00000  50.00000  50.00000
 100.00000  63.39898  53.58671  50.96235  50.25627  50.06819  50.01803
  50.00481  50.00078  50.00014  50.00003  50.00000  50.00000  50.00000
  50.00000  50.00000  50.00000  50.00000  50.00000  50.00000  50.00000
 100.00000  63.39898  53.58671  50.96235  50.25627  50.06819  50.01803
  50.00481  50.00078  50.00014  50.00003  50.00000  50.00000  50.00000
  50.00000  50.00000  50.00000  50.00000  50.00000  50.00000  50.00000
 100.00000  63.39898  53.58671  50.96235  50.25627  50.06819  50.01803
  50.00481  50.00078  50.00014  50.00003  50.00000  50.00000  50.00000
  50.00000  50.00000  50.00000  50.00000  50.00000  50.00000  50.00000
 100.00000  63.39898  53.58671  50.96235  50.25627  50.06819  50.01803
  50.00481  50.00078  50.00014  50.00003  50.00000  50.00000  50.00000
  50.00000  50.00000  50.00000  50.00000  50.00000  50.00000  50.00000
 100.00000  63.39898  53.58671  50.96235  50.25627  50.06819  50.01802
  50.00479  50.00079  50.00015  50.00003  50.00000  50.00000  50.00000
  50.00000  50.00000  50.00000  50.00000  50.00000  50.00000  50.00000
 100.00000  63.39898  53.58671  50.96235  50.25627  50.06818  50.01801
  50.00440  50.00114  50.00017  50.00005  50.00000  50.00000  50.00000
  50.00000  50.00000  50.00000  50.00000  50.00000  50.00000  50.00000
 100.00000  63.39899  53.58670  50.96236  50.25627  50.06818  50.01800
  50.00440  50.00114  50.00019  50.00005  50.00000  50.00000  50.00000
  50.00000  50.00000  50.00000  50.00000  50.00000  50.00000  50.00000
 100.00000  63.39891  53.58677  50.96233  50.25628  50.06818  50.01800
  50.00440  50.00114  50.00019  50.00005  50.00000  50.00000  50.00000
  50.00000  50.00000  50.00000  50.00000  50.00000  50.00000  50.00000
 100.00000  63.39925  53.58643  50.96249  50.25623  50.06819  50.01800
  50.00440  50.00114  50.00019  50.00005  50.00000  50.00000  50.00000
  50.00000  50.00000  50.00000  50.00000  50.00000  50.00000  50.00000
 100.00000  63.39818  53.58758  50.96185  50.25645  50.06814  50.01801
  50.00440  50.00114  50.00019  50.00005  50.00000  50.00000  50.00000
  50.00000  50.00000  50.00000  50.00000  50.00000  50.00000  50.00000
 100.00000  63.40057  53.58488  50.96348  50.25581  50.06831  50.01798
  50.00440  50.00114  50.00019  50.00005  50.00000  50.00000  50.00000
  50.00000  50.00000  50.00000  50.00000  50.00000  50.00000  50.00000
 100.00000  63.39690  53.58912  50.96082  50.25692  50.06799  50.01805
  50.00439  50.00114  50.00019  50.00005  50.00000  50.00000  50.00000
  50.00000  50.00000  50.00000  50.00000  50.00000  50.00000  50.00000
 100.00000  63.39898  53.58671  50.96235  50.25627  50.06818  50.01800
  50.00440  50.00114  50.00019  50.00005  50.00000  50.00000  50.00000
  50.00000  50.00000  50.00000  50.00000  50.00000  50.00000  50.00000
 100.00000  63.39898  53.58671  50.96235  50.25627  50.06818  50.01800
  50.00440  50.00114  50.00019  50.00005  50.00000  50.00000  50.00000
  50.00000  50.00000  50.00000  50.00000  50.00000  50.00000  50.00000
 100.00000  63.39898  53.58671  50.96235  50.25627  50.06818  50.01800
  50.00440  50.00114  50.00019  50.00005  50.00000  50.00000  50.00000
  50.00000  50.00000  50.00000  50.00000  50.00000  50.00000  50.00000
 100.00000  63.39898  53.58671  50.96235  50.25627  50.06818  50.01800
  50.00440  50.00114  50.00019  50.00005  50.00000  50.00000  50.00000
  50.00000  50.00000  50.00000  50.00000  50.00000  50.00000  50.00000
 100.00000  63.39898  53.58671  50.96235  50.25627  50.06818  50.01800
  50.00440  50.00114  50.00019  50.00005  50.00000  50.00000  50.00000
  50.00000  50.00000  50.00000  50.00000  50.00000  50.00000  50.00000
 100.00000  63.39898  53.58671  50.96235  50.25627  50.06818  50.01800
  50.00440  50.00114  50.00019  50.00005  50.00000  50.00000  50.00000
  50.00000  50.00000  50.00000  50.00000  50.00000  50.00000  50.00000
 100.00000  63.39898  53.58671  50.96235  50.25627  50.06818  50.01800
  50.00441  50.00113  50.00019  50.00005  50.00000  50.00000  50.00000
  50.00000  50.00000  50.00000  50.00000  50.00000  50.00000  50.00000
 100.00000  63.39898  53.58671  50.96235  50.25627  50.06818  50.01801
  50.00440  50.00114  50.00017  50.00005  50.00000  50.00000  50.00000
  50.00000  50.00000  50.00000  50.00000  50.00000  50.00000  50.00000
 100.00000  63.39898  53.58671  50.96235  50.25627  50.06818  50.01801
  50.00441  50.00113  50.00017  50.00005  50.00000  50.00000  50.00000
  50.00000  50.00000  50.00000  50.00000  50.00000  50.00000  50.00000
 100.00000  63.39898  53.58671  50.96235  50.25627  50.06818  50.01801
  50.00441  50.00113  50.00017  50.00005  50.00000  50.00000  50.00000
  50.00000  50.00000  50.00000  50.00000  50.00000  50.00000  50.00000
 100.00000  63.39898  53.58671  50.96235  50.25627  50.06818  50.01801
  50.00441  50.00113  50.00017  50.00005  50.00000  50.00000  50.00000
  50.00000  50.00000  50.00000  50.00000  50.00000  50.00000  50.00000
 100.00000  63.39898  53.58671  50.96235  50.25627  50.06818  50.01801
  50.00441  50.00113  50.00017  50.00005  50.00000  50.00000  50.00000
  50.00000  50.00000  50.00000  50.00000  50.00000  50.00000  50.00000
 100.00000  63.39898  53.58671  50.96235  50.25627  50.06818  50.01801
  50.00441  50.00113  50.00017  50.00005  50.00000  50.00000  50.00000
  50.00000  50.00000  50.00000  50.00000  50.00000  50.00000  50.00000
 100.00000  63.39898  53.58671  50.96235  50.25627  50.06818  50.01801
  50.00440  50.00114  50.00017  50.00005  50.00000  50.00000  50.00000
  50.00000  50.00000  50.00000  50.00000  50.00000  50.00000  50.00000
 100.00000  63.39898  53.58671  50.96235  50.25627  50.06818  50.01800
  50.00441  50.00113  50.00019  50.00005  50.00000  50.00000  50.00000
  50.00000  50.00000  50.00000  50.00000  50.00000  50.00000  50.00000
 100.00000  63.39899  53.58670  50.96236  50.25627  50.06818  50.01800
  50.00440  50.00114  50.00019  50.00005  50.00000  50.00000  50.00000
  50.00000  50.00000  50.00000  50.00000  50.00000  50.00000  50.00000
 100.00000  63.39891  53.58677  50.96233  50.25628  50.06818  50.01800
  50.00440  50.00114  50.00019  50.00005  50.00000  50.00000  50.00000
  50.00000  50.00000  50.00000  50.00000  50.00000  50.00000  50.00000
 100.00000  63.39925  53.58644  50.96249  50.25623  50.06819  50.01800
  50.00440  50.00114  50.00019  50.00005  50.00000  50.00000  50.00000
  50.00000  50.00000  50.00000  50.00000  50.00000  50.00000  50.00000
 100.00000  63.39818  53.58758  50.96185  50.25645  50.06814  50.01801
  50.00440  50.00114  50.00019  50.00005  50.00000  50.00000  50.00000
  50.00000  50.00000  50.00000  50.00000  50.00000  50.00000  50.00000
 100.00000  63.40057  53.58489  50.96348  50.25581  50.06831  50.01798
  50.00440  50.00114  50.00019  50.00005  50.00000  50.00000  50.00000
  50.00000  50.00000  50.00000  50.00000  50.00000  50.00000  50.00000
 100.00000  63.39690  53.58912  50.96082  50.25692  50.06799  50.01805
  50.00439  50.00114  50.00019  50.00005  50.00000  50.00000  50.00000
  50.00000  50.00000  50.00000  50.00000  50.00000  50.00000  50.00000
 100.00000  63.39899  53.58670  50.96236  50.25627  50.06818  50.01800
  50.00440  50.00114  50.00019  50.00005  50.00000  50.00000  50.00000
  50.00000  50.00000  50.00000  50.00000  50.00000  50.00000  50.00000
 100.00000  63.39899  53.58670  50.96236  50.25627  50.06818  50.01800
  50.00440  50.00114  50.00019  50.00005  50.00000  50.00000  50.00000
  50.00000  50.00000  50.00000  50.00000  50.00000  50.00000  50.00000
 100.00000  63.39899  53.58670  50.96236  50.25627  50.06818  50.01800
  50.00440  50.00114  50.00019  50.00005  50.00000  50.00000  50.00000
  50.00000  50.00000  50.00000  50.00000  50.00000  50.00000  50.00000
 100.00000  63.39899  53.58670  50.96236  50.25627  50.06818  50.01800
  50.00440  50.00114  50.00019  50.00005  50.00000  50.00000  50.00000
  50.00000  50.00000  50.00000  50.00000  50.00000  50.00000  50.00000
 100.00000  63.39899  53.58670  50.96236  50.25627  50.06818  50.01800
  50.00440  50.00114  50.00019  50.00005  50.00000  50.00000  50.00000
  50.00000  50.00000  50.00000  50.00000  50.00000  50.00000  50.00000
 100.00000  63.39899  53.58670  50.96236  50.25627  50.06818  50.01800
  50.00440  50.00114  50.00019  50.00005  50.00000  50.00000  50.00000
  50.00000  50.00000  50.00000  50.00000  50.00000  50.00000  50.00000
 100.00000  63.39899  53.58670  50.96236  50.25627  50.06818  50.01800
  50.00440  50.00114  50.00019  50.00005  50.00000  50.00000  50.00000
  50.00000  50.00000  50.00000  50.00000  50.00000  50.00000  50.00000
 100.00000  63.39899  53.58670  50.96236  50.25627  50.06818  50.01800
  50.00440  50.00114  50.00019  50.00005  50.00000  50.00000  50.00000
  50.00000  50.00000  50.00000  50.00000  50.00000  50.00000  50.00000
 100.00000  63.39899  53.58670  50.96236  50.25627  50.06818  50.01800
  50.00440  50.00114  50.00019  50.00005  50.00000  50.00000  50.00000
  50.00000  50.00000  50.00000  50.00000  50.00000  50.00000  50.00000
 100.00000  63.39899  53.58670  50.96236  50.25627  50.06818  50.01800
  50.00440  50.00114  50.00019  50.00005  50.00000  50.00000  50.00000
  50.00000  50.00000  50.00000  50.00000  50.00000  50.00000  50.00000
 100.00000  63.39899  53.58670  50.96236  50.25627  50.06818  50.01800
  50.00440  50.00114  50.00019  50.00005  50.00000  50.00000  50.00000
  50.00000  50.00000  50.00000  50.00000  50.00000  50.00000  50.00000
 100.00000  63.39899  53.58670  50.96236  50.25627  50.06818  50.01800
  50.00440  50.00114  50.00019  50.00005  50.00000  50.00000  50.00000
  50.00000  50.00000  50.00000  50.00000  50.00000  50.00000  50.00000
 100.00000  63.39899  53.58670  50.96236  50.25627  50.06818  50.01800
  50.00440  50.00114  50.00019  50.00005  50.00000  50.00000  50.00000
  50.00000  50.00000  50.00000  50.00000  50.00000  50.00000  50.00000
 100.00000  63.39899  53.58670  50.96236  50.25627  50.06818  50.01800
  50.00440  50.00114  50.00019  50.00005  50.00000  50.00000  50.00000
  50.00000  50.00000  50.00000  50.00000  50.00000  50.00000  50.00000
 100.00000  63.39899  53.58670  50.96236  50.25627  50.06818  50.01800
  50.00440  50.00114  50.00019  50.00005  50.00000  50.00000  50.00000
  50.00000  50.00000  50.00000  50.00000  50.00000  50.00000  50.00000
 100.00000  63.39900  53.58669  50.96236  50.25627  50.06818  50.01800
  50.00440  50.00114  50.00019  50.00005  50.00000  50.00000  50.00000
  50.00000  50.00000  50.00000  50.00000  50.00000  50.00000  50.00000
 100.00000  63.39893  53.58676  50.96233  50.25628  50.06818  50.01800
  50.00440  50.00114  50.00019  50.00005  50.00000  50.00000  50.00000
  50.00000  50.00000  50.00000  50.00000  50.00000  50.00000  50.00000
 100.00000  63.39926  53.58643  50.96250  50.25623  50.06819  50.01800
  50.00440  50.00114  50.00019  50.00005  50.00000  50.00000  50.00000
  50.00000  50.00000  50.00000  50.00000  50.00000  50.00000  50.00000
 100.00000  63.39820  53.58757  50.96185  50.25645  50.06814  50.01801
  50.00440  50.00114  50.00019  50.00005  50.00000  50.00000  50.00000
  50.00000  50.00000  50.00000  50.00000  50.00000  50.00000  50.00000
 100.00000  63.40059  53.58487  50.96348  50.25581  50.06831  50.01798
  50.00440  50.00114  50.00019  50.00005  50.00000  50.00000  50.00000
  50.00000  50.00000  50.00000  50.00000  50.00000  50.00000  50.00000
 100.00000  63.39690  53.58913  50.96082  50.25692  50.06799  50.01805
  50.00439  50.00114  50.00019  50.00005  50.00000  50.00000  50.00000
  50.00000  50.00000  50.00000  50.00000  50.00000  50.00000  50.00000
 100.00000  63.39891  53.58677  50.96233  50.25628  50.06818  50.01800
  50.00440  50.00114  50.00019  50.00005  50.00000  50.00000  50.00000
  50.00000  50.00000  50.00000  50.00000  50.00000  50.00000  50.00000
 100.00000  63.39891  53.58677  50.96233  50.25628  50.06818  50.01800
  50.00440  50.00114  50.00019  50.00005  50.00000  50.00000  50.00000
  50.00000  50.00000  50.00000  50.00000  50.00000  50.00000  50.00000
 100.00000  63.39891  53.58677  50.96233  50.25628  50.06818  50.01800
  50.00440  50.00114  50.00019  50.00005  50.00000  50.00000  50.00000
  50.00000  50.00000  50.00000  50.00000  50.00000  50.00000  50.00000
 100.00000  63.39891  53.58677  50.96233  50.25628  50.06818  50.01800
  50.00440  50.00114  50.00019  50.00005  50.00000  50.00000  50.00000
  50.00000  50.00000  50.00000  50.00000  50.00000  50.00000  50.00000
 100.00000  63.39891  53.58677  50.96233  50.25628  50.06818  50.01800
  50.00440  50.00114  50.00019  50.00005  50.00000  50.00000  50.00000
  50.00000  50.00000  50.00000  50.00000  50.00000  50.00000  50.00000
 100.00000  63.39891  53.58677  50.96233  50.25628  50.06818  50.01800
  50.00440  50.00114  50.00019  50.00005  50.00000  50.00000  50.00000
  50.00000  50.00000  50.00000  50.00000  50.00000  50.00000  50.00000
 100.00000  63.39891  53.58677  50.96233  50.25628  50.06818  50.01800
  50.00440  50.00114  50.00019  50.00005  50.00000  50.00000  50.00000
  50.00000  50.00000  50.00000  50.00000  50.00000  50.00000  50.00000
 100.00000  63.39891  53.58677  50.96233  50.25628  50.06818  50.01800
  50.00440  50.00114  50.00019  50.00005  50.00000  50.00000  50.00000
  50.00000  50.00000  50.00000  50.00000  50.00000  50.00000  50.00000
 100.00000  63.39891  53.58677  50.96233  50.25628  50.06818  50.01800
  50.00440  50.00114  50.00019  50.00005  50.00000  50.00000  50.00000
  50.00000  50.00000  50.00000  50.00000  50.00000  50.00000  50.00000
 100.00000  63.39891  53.58677  50.96233  50.25628  50.06818  50.01800
  50.00440  50.00114  50.00019  50.00005  50.00000  50.00000  50.00000
  50.00000  50.00000  50.00000  50.00000  50.00000  50.00000  50.00000
 100.00000  63.39891  53.58677  50.96233  50.25628  50.06818  50.01800
  50.00440  50.00114  50.00019  50.00005  50.00000  50.00000  50.00000
  50.00000  50.00000  50.00000  50.00000  50.00000  50.00000  50.00000
 100.00000  63.39891  53.58677  50.96233  50.25628  50.06818  50.01800
  50.00440  50.00114  50.00019  50.00005  50.00000  50.00000  50.00000
  50.00000  50.00000  50.00000  50.00000  50.00000  50.00000  50.00000
 100.00000  63.39891  53.58677  50.96233  50.25628  50.06818  50.01800
  50.00440  50.00114  50.00019  50.00005  50.00000  50.00000  50.00000
  50.00000  50.00000  50.00000  50.00000  50.00000  50.00000  50.00000
 100.00000  63.39891  53.58677  50.96233  50.25628  50.06818  50.01800
  50.00440  50.00114  50.00019  50.00005  50.00000  50.00000  50.00000
  50.00000  50.00000  50.00000  50.00000  50.00000  50.00000  50.00000
 100.00000  63.39891  53.58677  50.96233  50.25628  50.06818  50.01800
  50.00440  50.00114  50.00019  50.00005  50.00000  50.00000  50.00000
  50.00000  50.00000  50.00000  50.00000  50.00000  50.00000  50.00000
 100.00000  63.39893  53.58676  50.96233  50.25628  50.06818  50.01800
  50.00440  50.00114  50.00019  50.00005  50.00000  50.00000  50.00000
  50.00000  50.00000  50.00000  50.00000  50.00000  50.00000  50.00000
 100.00000  63.39885  53.58683  50.96230  50.25628  50.06818  50.01800
  50.00440  50.00114  50.00019  50.00005  50.00000  50.00000  50.00000
  50.00000  50.00000  50.00000  50.00000  50.00000  50.00000  50.00000
 100.00000  63.39919  53.58648  50.96247  50.25623  50.06819  50.01800
  50.00440  50.00114  50.00019  50.00005  50.00000  50.00000  50.00000
  50.00000  50.00000  50.00000  50.00000  50.00000  50.00000  50.00000
 100.00000  63.39811  53.58765  50.96181  50.25646  50.06814  50.01801
  50.00440  50.00114  50.00019  50.00005  50.00000  50.00000  50.00000
  50.00000  50.00000  50.00000  50.00000  50.00000  50.00000  50.00000
 100.00000  63.40048  53.58497  50.96344  50.25582  50.06831  50.01798
  50.00440  50.00114  50.00019  50.00005  50.00000  50.00000  50.00000
  50.00000  50.00000  50.00000  50.00000  50.00000  50.00000  50.00000
 100.00000  63.39692  53.58910  50.96083  50.25691  50.06799  50.01805
  50.00439  50.00114  50.00019  50.00005  50.00000  50.00000  50.00000
  50.00000  50.00000  50.00000  50.00000  50.00000  50.00000  50.00000
 100.00000  63.39925  53.58643  50.96249  50.25623  50.06819  50.01800
  50.00440  50.00114  50.00019  50.00005  50.00000  50.00000  50.00000
  50.00000  50.00000  50.00000  50.00000  50.00000  50.00000  50.00000
 100.00000  63.39925  53.58643  50.96249  50.25623  50.06819  50.01800
  50.00440  50.00114  50.00019  50.00005  50.00000  50.00000  50.00000
  50.00000  50.00000  50.00000  50.00000  50.00000  50.00000  50.00000
 100.00000  63.39925  53.58643  50.96249  50.25623  50.06819  50.01800
  50.00440  50.00114  50.00019  50.00005  50.00000  50.00000  50.00000
  50.00000  50.00000  50.00000  50.00000  50.00000  50.00000  50.00000
 100.00000  63.39925  53.58643  50.96249  50.25623  50.06819  50.01800
  50.00440  50.00114  50.00019  50.00005  50.00000  50.00000  50.00000
  50.00000  50.00000  50.00000  50.00000  50.00000  50.00000  50.00000
 100.00000  63.39925  53.58643  50.96249  50.25623  50.06819  50.01800
  50.00440  50.00114  50.00019  50.00005  50.00000  50.00000  50.00000
  50.00000  50.00000  50.00000  50.00000  50.00000  50.00000  50.00000
 100.00000  63.39925  53.58643  50.96249  50.25623  50.06819  50.01800
  50.00440  50.00114  50.00019  50.00005  50.00000  50.00000  50.00000
  50.00000  50.00000  50.00000  50.00000  50.00000  50.00000  50.00000
 100.00000  63.39925  53.58643  50.96249  50.25623  50.06819  50.01800
  50.00440  50.00114  50.00019  50.00005  50.00000  50.00000  50.00000
  50.00000  50.00000  50.00000  50.00000  50.00000  50.00000  50.00000
 100.00000  63.39925  53.58643  50.96249  50.25623  50.06819  50.01800
  50.00440  50.00114  50.00019  50.00005  50.00000  50.00000  50.00000
  50.00000  50.00000  50.00000  50.00000  50.00000  50.00000  50.00000
 100.00000  63.39925  53.58643  50.96249  50.25623  50.06819  50.01800
  50.00440  50.00114  50.00019  50.00005  50.00000  50.00000  50.00000
  50.00000  50.00000  50.00000  50.00000  50.00000  50.00000  50.00000
 100.00000  63.39925  53.58643  50.96249  50.25623  50.06819  50.01800
  50.00440  50.00114  50.00019  50.00005  50.00000  50.00000  50.00000
  50.00000  50.00000  50.00000  50.00000  50.00000  50.00000  50.00000
 100.00000  63.39925  53.58643  50.96249  50.25623  50.06819  50.01800
  50.00440  50.00114  50.00019  50.00005  50.00000  50.00000  50.00000
  50.00000  50.00000  50.00000  50.00000  50.00000  50.00000  50.00000
 100.00000  63.39925  53.58643  50.96249  50.25623  50.06819  50.01800
  50.00440  50.00114  50.00019  50.00005  50.00000  50.00000  50.00000
  50.00000  50.00000  50.00000  50.00000  50.00000  50.00000  50.00000
 100.00000  63.39925  53.58643  50.96249  50.25623  50.06819  50.01800
  50.00440  50.00114  50.00019  50.00005  50.00000  50.00000  50.00000
  50.00000  50.00000  50.00000  50.00000  50.00000  50.00000  50.00000
 100.00000  63.39925  53.58643  50.96249  50.25623  50.06819  50.01800
  50.00440  50.00114  50.00019  50.00005  50.00000  50.00000  50.00000
  50.00000  50.00000  50.00000  50.00000  50.00000  50.00000  50.00000
 100.00000  63.39925  53.58644  50.96249  50.25623  50.06819  50.01800
  50.00440  50.00114  50.00019  50.00005  50.00000  50.00000  50.00000
  50.00000  50.00000  50.00000  50.00000  50.00000  50.00000  50.00000
 100.00000  63.39926  53.58643  50.96250  50.25623  50.06819  50.01800
  50.00440  50.00114  50.00019  50.00005  50.00000  50.00000  50.00000
  50.00000  50.00000  50.00000  50.00000  50.00000  50.00000  50.00000
 100.00000  63.39919  53.58648  50.96247  50.25623  50.06819  50.01800
  50.00440  50.00114  50.00019  50.00005  50.00000  50.00000  50.00000
  50.00000  50.00000  50.00000  50.00000  50.00000  50.00000  50.00000
 100.00000  63.39950  53.58618  50.96262  50.25619  50.06820  50.01800
  50.00440  50.00114  50.00019  50.00005  50.00000  50.00000  50.00000
  50.00000  50.00000  50.00000  50.00000  50.00000  50.00000  50.00000
 100.00000  63.39843  53.58731  50.96200  50.25640  50.06815  50.01801
  50.00440  50.00114  50.00019  50.00005  50.00000  50.00000  50.00000
  50.00000  50.00000  50.00000  50.00000  50.00000  50.00000  50.00000
 100.00000  63.40102  53.58445  50.96369  50.25575  50.06832  50.01798
  50.00440  50.00114  50.00019  50.00005  50.00000  50.00000  50.00000
  50.00000  50.00000  50.00000  50.00000  50.00000  50.00000  50.00000
 100.00000  63.39686  53.58917  50.96079  50.25693  50.06798  50.01805
  50.00439  50.00114  50.00019  50.00005  50.00000  50.00000  50.00000
  50.00000  50.00000  50.00000  50.00000  50.00000  50.00000  50.00000
 100.00000  63.39818  53.58758  50.96185  50.25645  50.06814  50.01801
  50.00440  50.00114  50.00019  50.00005  50.00000  50.00000  50.00000
  50.00000  50.00000  50.00000  50.00000  50.00000  50.00000  50.00000
 100.00000  63.39818  53.58758  50.96185  50.25645  50.06814  50.01801
  50.00440  50.00114  50.00019  50.00005  50.00000  50.00000  50.00000
  50.00000  50.00000  50.00000  50.00000  50.00000  50.00000  50.00000
 100.00000  63.39818  53.58758  50.96185  50.25645  50.06814  50.01801
  50.00440  50.00114  50.00019  50.00005  50.00000  50.00000  50.00000
  50.00000  50.00000  50.00000  50.00000  50.00000  50.00000  50.00000
 100.00000  63.39818  53.58758  50.96185  50.25645  50.06814  50.01801
  50.00440  50.00114  50.00019  50.00005  50.00000  50.00000  50.00000
  50.00000  50.00000  50.00000  50.00000  50.00000  50.00000  50.00000
 100.00000  63.39818  53.58758  50.96185  50.25645  50.06814  50.01801
  50.00440  50.00114  50.00019  50.00005  50.00000  50.00000  50.00000
  50.00000  50.00000  50.00000  50.00000  50.00000  50.00000  50.00000
 100.00000  63.39818  53.58758  50.96185  50.25645  50.06814  50.01801
  50.00440  50.00114  50.00019  50.00005  50.00000  50.00000  50.00000
  50.00000  50.00000  50.00000  50.00000  50.00000  50.00000  50.00000
 100.00000  63.39818  53.58758  50.96185  50.25645  50.06814  50.01801
  50.00440  50.00114  50.00019  50.00005  50.00000  50.00000  50.00000
  50.00000  50.00000  50.00000  50.00000  50.00000  50.00000  50.00000
 100.00000  63.39818  53.58758  50.96185  50.25645  50.06814  50.01801
  50.00440  50.00114  50.00019  50.00005  50.00000  50.00000  50.00000
  50.00000  50.00000  50.00000  50.00000  50.00000  50.00000  50.00000
 100.00000  63.39818  53.58758  50.96185  50.25645  50.06814  50.01801
  50.00440  50.00114  50.00019  50.00005  50.00000  50.00000  50.00000
  50.00000  50.00000  50.00000  50.00000  50.00000  50.00000  50.00000
 100.00000  63.39818  53.58758  50.96185  50.25645  50.06814  50.01801
  50.00440  50.00114  50.00019  50.00005  50.00000  50.00000  50.00000
  50.00000  50.00000  50.00000  50.00000  50.00000  50.00000  50.00000
 100.00000  63.39818  53.58758  50.96185  50.25645  50.06814  50.01801
  50.00440  50.00114  50.00019  50.00005  50.00000  50.00000  50.00000
  50.00000  50.00000  50.00000  50.00000  50.00000  50.00000  50.00000
 100.00000  63.39818  53.58758  50.96185  50.25645  50.06814  50.01801
  50.00440  50.00114  50.00019  50.00005  50.00000  50.00000  50.00000
  50.00000  50.00000  50.00000  50.00000  50.00000  50.00000  50.00000
 100.00000  63.39818  53.58758  50.96185  50.25645  50.06814  50.01801
  50.00440  50.00114  50.00019  50.00005  50.00000  50.00000  50.00000
  50.00000  50.00000  50.00000  50.00000  50.00000  50.00000  50.00000
 100.00000  63.39818  53.58758  50.96185  50.25645  50.06814  50.01801
  50.00440  50.00114  50.00019  50.00005  50.00000  50.00000  50.00000
  50.00000  50.00000  50.00000  50.00000  50.00000  50.00000  50.00000
 100.00000  63.39818  53.58758  50.96185  50.25645  50.06814  50.01801
  50.00440  50.00114  50.00019  50.00005  50.00000  50.00000  50.00000
  50.00000  50.00000  50.00000  50.00000  50.00000  50.00000  50.00000
 100.00000  63.39820  53.58757  50.96185  50.25645  50.06814  50.01801
  50.00440  50.00114  50.00019  50.00005  50.00000  50.00000  50.00000
  50.00000  50.00000  50.00000  50.00000  50.00000  50.00000  50.00000
 100.00000  63.39811  53.58765  50.96181  50.25646  50.06814  50.01801
  50.00440  50.00114  50.00019  50.00005  50.00000  50.00000  50.00000
  50.00000  50.00000  50.00000  50.00000  50.00000  50.00000  50.00000
 100.00000  63.39843  53.58731  50.96200  50.25640  50.06815  50.01801
  50.00440  50.00114  50.00019  50.00005  50.00000  50.00000  50.00000
  50.00000  50.00000  50.00000  50.00000  50.00000  50.00000  50.00000
 100.00000  63.39759  53.58828  50.96141  50.25663  50.06809  50.01802
  50.00440  50.00114  50.00019  50.00005  50.00000  50.00000  50.00000
  50.00000  50.00000  50.00000  50.00000  50.00000  50.00000  50.00000
 100.00000  63.39916  53.58638  50.96266  50.25610  50.06825  50.01799
  50.00440  50.00114  50.00019  50.00005  50.00000  50.00000  50.00000
  50.00000  50.00000  50.00000  50.00000  50.00000  50.00000  50.00000
 100.00000  63.39703  53.58901  50.96087  50.25689  50.06800  50.01804
  50.00439  50.00114  50.00019  50.00005  50.00000  50.00000  50.00000
  50.00000  50.00000  50.00000  50.00000  50.00000  50.00000  50.00000
 100.00000  63.40057  53.58488  50.96348  50.25581  50.06831  50.01798
  50.00440  50.00114  50.00019  50.00005  50.00000  50.00000  50.00000
  50.00000  50.00000  50.00000  50.00000  50.00000  50.00000  50.00000
 100.00000  63.40057  53.58488  50.96348  50.25581  50.06831  50.01798
  50.00440  50.00114  50.00019  50.00005  50.00000  50.00000  50.00000
  50.00000  50.00000  50.00000  50.00000  50.00000  50.00000  50.00000
 100.00000  63.40057  53.58488  50.96348  50.25581  50.06831  50.01798
  50.00440  50.00114  50.00019  50.00005  50.00000  50.00000  50.00000
  50.00000  50.00000  50.00000  50.00000  50.00000  50.00000  50.00000
 100.00000  63.40057  53.58488  50.96348  50.25581  50.06831  50.01798
  50.00440  50.00114  50.00019  50.00005  50.00000  50.00000  50.00000
  50.00000  50.00000  50.00000  50.00000  50.00000  50.00000  50.00000
 100.00000  63.40057  53.58488  50.96348  50.25581  50.06831  50.01798
  50.00440  50.00114  50.00019  50.00005  50.00000  50.00000  50.00000
  50.00000  50.00000  50.00000  50.00000  50.00000  50.00000  50.00000
 100.00000  63.40057  53.58488  50.96348  50.25581  50.06831  50.01798
  50.00440  50.00114  50.00019  50.00005  50.00000  50.00000  50.00000
  50.00000  50.00000  50.00000  50.00000  50.00000  50.00000  50.00000
 100.00000  63.40057  53.58488  50.96348  50.25581  50.06831  50.01798
  50.00440  50.00114  50.00019  50.00005  50.00000  50.00000  50.00000
  50.00000  50.00000  50.00000  50.00000  50.00000  50.00000  50.00000
 100.00000  63.40057  53.58488  50.96348  50.25581  50.06831  50.01798
  50.00440  50.00114  50.00019  50.00005  50.00000  50.00000  50.00000
  50.00000  50.00000  50.00000  50.00000  50.00000  50.00000  50.00000
 100.00000  63.40057  53.58488  50.96348  50.25581  50.06831  50.01798
  50.00440  50.00114  50.00019  50.00005  50.00000  50.00000  50.00000
  50.00000  50.00000  50.00000  50.00000  50.00000  50.00000  50.00000
 100.00000  63.40057  53.58488  50.96348  50.25581  50.06831  50.01798
  50.00440  50.00114  50.00019  50.00005  50.00000  50.00000  50.00000
  50.00000  50.00000  50.00000  50.00000  50.00000  50.00000  50.00000
 100.00000  63.40057  53.58488  50.96348  50.25581  50.06831  50.01798
  50.00440  50.00114  50.00019  50.00005  50.00000  50.00000  50.00000
  50.00000  50.00000  50.00000  50.00000  50.00000  50.00000  50.00000
 100.00000  63.40057  53.58488  50.96348  50.25581  50.06831  50.01798
  50.00440  50.00114  50.00019  50.00005  50.00000  50.00000  50.00000
  50.00000  50.00000  50.00000  50.00000  50.00000  50.00000  50.00000
 100.00000  63.40057  53.58488  50.96348  50.25581  50.06831  50.01798
  50.00440  50.00114  50.00019  50.00005  50.00000  50.00000  50.00000
  50.00000  50.00000  50.00000  50.00000  50.00000  50.00000  50.00000
 100.00000  63.40057  53.58488  50.96348  50.25581  50.06831  50.01798
  50.00440  50.00114  50.00019  50.00005  50.00000  50.00000  50.00000
  50.00000  50.00000  50.00000  50.00000  50.00000  50.00000  50.00000
 100.00000  63.40057  53.58489  50.96348  50.25581  50.06831  50.01798
  50.00440  50.00114  50.00019  50.00005  50.00000  50.00000  50.00000
  50.00000  50.00000  50.00000  50.00000  50.00000  50.00000  50.00000
 100.00000  63.40059  53.58487  50.96348  50.25581  50.06831  50.01798
  50.00440  50.00114  50.00019  50.00005  50.00000  50.00000  50.00000
  50.00000  50.00000  50.00000  50.00000  50.00000  50.00000  50.00000
 100.00000  63.40048  53.58497  50.96344  50.25582  50.06831  50.01798
  50.00440  50.00114  50.00019  50.00005  50.00000  50.00000  50.00000
  50.00000  50.00000  50.00000  50.00000  50.00000  50.00000  50.00000
 100.00000  63.40102  53.58445  50.96369  50.25575  50.06832  50.01798
  50.00440  50.00114  50.00019  50.00005  50.00000  50.00000  50.00000
  50.00000  50.00000  50.00000  50.00000  50.00000  50.00000  50.00000
 100.00000  63.39916  53.58638  50.96266  50.25610  50.06825  50.01799
  50.00440  50.00114  50.00019  50.00005  50.00000  50.00000  50.00000
  50.00000  50.00000  50.00000  50.00000  50.00000  50.00000  50.00000
 100.00000  63.40357  53.58156  50.96545  50.25504  50.06852  50.01793
  50.00441  50.00114  50.00019  50.00005  50.00000  50.00000  50.00000
  50.00000  50.00000  50.00000  50.00000  50.00000  50.00000  50.00000
 100.00000  63.39661  53.58937  50.96071  50.25695  50.06797  50.01805
  50.00439  50.00114  50.00019  50.00005  50.00000  50.00000  50.00000
  50.00000  50.00000  50.00000  50.00000  50.00000  50.00000  50.00000
 100.00000  63.39690  53.58912  50.96082  50.25692  50.06799  50.01805
  50.00439  50.00114  50.00019  50.00005  50.00000  50.00000  50.00000
  50.00000  50.00000  50.00000  50.00000  50.00000  50.00000  50.00000
 100.00000  63.39690  53.58912  50.96082  50.25692  50.06799  50.01805
  50.00439  50.00114  50.00019  50.00005  50.00000  50.00000  50.00000
  50.00000  50.00000  50.00000  50.00000  50.00000  50.00000  50.00000
 100.00000  63.39690  53.58912  50.96082  50.25692  50.06799  50.01805
  50.00439  50.00114  50.00019  50.00005  50.00000  50.00000  50.00000
  50.00000  50.00000  50.00000  50.00000  50.00000  50.00000  50.00000
 100.00000  63.39690  53.58912  50.96082  50.25692  50.06799  50.01805
  50.00439  50.00114  50.00019  50.00005  50.00000  50.00000  50.00000
  50.00000  50.00000  50.00000  50.00000  50.00000  50.00000  50.00000
 100.00000  63.39690  53.58912  50.96082  50.25692  50.06799  50.01805
  50.00439  50.00114  50.00019  50.00005  50.00000  50.00000  50.00000
  50.00000  50.00000  50.00000  50.00000  50.00000  50.00000  50.00000
 100.00000  63.39690  53.58912  50.96082  50.25692  50.06799  50.01805
  50.00439  50.00114  50.00019  50.00005  50.00000  50.00000  50.00000
  50.00000  50.00000  50.00000  50.00000  50.00000  50.00000  50.00000
 100.00000  63.39690  53.58912  50.96082  50.25692  50.06799  50.01805
  50.00439  50.00114  50.00019  50.00005  50.00000  50.00000  50.00000
  50.00000  50.00000  50.00000  50.00000  50.00000  50.00000  50.00000
 100.00000  63.39690  53.58912  50.96082  50.25692  50.06799  50.01805
  50.00439  50.00114  50.00019  50.00005  50.00000  50.00000  50.00000
  50.00000  50.00000  50.00000  50.00000  50.00000  50.00000  50.00000
 100.00000  63.39690  53.58912  50.96082  50.25692  50.06799  50.01805
  50.00439  50.00114  50.00019  50.00005  50.00000  50.00000  50.00000
  50.00000  50.00000  50.00000  50.00000  50.00000  50.00000  50.00000
 100.00000  63.39690  53.58912  50.96082  50.25692  50.06799  50.01805
  50.00439  50.00114  50.00019  50.00005  50.00000  50.00000  50.00000
  50.00000  50.00000  50.00000  50.00000  50.00000  50.00000  50.00000
 100.00000  63.39690  53.58912  50.96082  50.25692  50.06799  50.01805
  50.00439  50.00114  50.00019  50.00005  50.00000  50.00000  50.00000
  50.00000  50.00000  50.00000  50.00000  50.00000  50.00000  50.00000
 100.00000  63.39690  53.58912  50.96082  50.25692  50.06799  50.01805
  50.00439  50.00114  50.00019  50.00005  50.00000  50.00000  50.00000
  50.00000  50.00000  50.00000  50.00000  50.00000  50.00000  50.00000
 100.00000  63.39690  53.58912  50.96082  50.25692  50.06799  50.01805
  50.00439  50.00114  50.00019  50.00005  50.00000  50.00000  50.00000
  50.00000  50.00000  50.00000  50.00000  50.00000  50.00000  50.00000
 100.00000  63.39690  53.58912  50.96082  50.25692  50.06799  50.01805
  50.00439  50.00114  50.00019  50.00005  50.00000  50.00000  50.00000
  50.00000  50.00000  50.00000  50.00000  50.00000  50.00000  50.00000
 100.00000  63.39690  53.58912  50.96082  50.25692  50.06799  50.01805
  50.00439  50.00114  50.00019  50.00005  50.00000  50.00000  50.00000
  50.00000  50.00000  50.00000  50.00000  50.00000  50.00000  50.00000
 100.00000  63.39690  53.58913  50.96082  50.25692  50.06799  50.01805
  50.00439  50.00114  50.00019  50.00005  50.00000  50.00000  50.00000
  50.00000  50.00000  50.00000  50.00000  50.00000  50.00000  50.00000
 100.00000  63.39692  53.58910  50.96083  50.25691  50.06799  50.01805
  50.00439  50.00114  50.00019  50.00005  50.00000  50.00000  50.00000
  50.00000  50.00000  50.00000  50.00000  50.00000  50.00000  50.00000
 100.00000  63.39686  53.58917  50.96079  50.25693  50.06798  50.01805
  50.00439  50.00114  50.00019  50.00005  50.00000  50.00000  50.00000
  50.00000  50.00000  50.00000  50.00000  50.00000  50.00000  50.00000
 100.00000  63.39703  53.58901  50.96087  50.25689  50.06800  50.01804
  50.00439  50.00114  50.00019  50.00005  50.00000  50.00000  50.00000
  50.00000  50.00000  50.00000  50.00000  50.00000  50.00000  50.00000
 100.00000  63.39661  53.58937  50.96071  50.25695  50.06797  50.01805
  50.00439  50.00114  50.00019  50.00005  50.00000  50.00000  50.00000
  50.00000  50.00000  50.00000  50.00000  50.00000  50.00000  50.00000
 100.00000  63.39733  53.58873  50.96099  50.25686  50.06800  50.01804
  50.00439  50.00114  50.00019  50.00005  50.00000  50.00000  50.00000
  50.00000  50.00000  50.00000  50.00000  50.00000  50.00000  50.00000
