second T_ave
    50  6.211
   100  6.623
   150  6.931
   200  7.284
   250  7.624
   300  8.001
   350  8.406
   400  8.888
   450  9.370
   500  9.828
   550 10.262
   600 10.674
   650 11.065
   700 11.438
   750 11.793
   800 12.133
   850 12.457
   900 12.768
   950 13.065
  1000 13.350
  1050 13.623
  1100 13.885
  1150 14.136
  1200 14.377
  1250 14.607
  1300 14.828
  1350 15.040
  1400 15.244
  1450 15.438
  1500 15.626
  1550 15.805
  1600 15.976
  1650 16.142
  1700 16.301
  1750 16.451
  1800 16.596
  1850 16.737
  1900 16.871
  1950 16.998
  2000 17.121
  2050 17.240
  2100 17.353
  2150 17.462
  2200 17.566
  2250 17.664
  2300 17.761
  2350 17.852
  2400 17.940
  2450 18.025
  2500 18.106
  2550 18.183
  2600 18.259
  2650 18.329
  2700 18.398
  2750 18.463
  2800 18.527
  2850 18.587
  2900 18.645
  2950 18.701
  3000 18.754
  3050 18.805
  3100 18.854
  3150 18.901
  3200 18.945
  3250 18.989
  3300 19.030
  3350 19.070
  3400 19.108
  3450 19.146
  3500 19.180
  3550 19.213
  3600 19.246
  3650 19.277
  3700 19.306
  3750 19.335
  3800 19.362
  3850 19.388
  3900 19.413
  3950 19.437
  4000 19.461
  4050 19.483
  4100 19.503
  4150 19.524
  4200 19.545
  4250 19.563
  4300 19.580
  4350 19.598
  4400 19.613
  4450 19.629
  4500 19.645
  4550 19.659
  4600 19.674
  4650 19.687
  4700 19.700
  4750 19.712
  4800 19.724
  4850 19.735
  4900 19.745
  4950 19.756
  5000 19.765
  5050 19.776
  5100 19.785
  5150 19.794
  5200 19.802
  5250 19.810
  5300 19.818
  5350 19.826
  5400 19.832
  5450 19.840
  5500 19.846
  5550 19.853
  5600 19.859
  5650 19.864
  5700 19.870
  5750 19.874
  5800 19.879
  5850 19.885
  5900 19.890
  5950 19.894
  6000 19.898
  6050 19.903
  6100 19.907
  6150 19.911
  6200 19.913
  6250 19.919
  6300 19.921
  6350 19.924
  6400 19.927
  6450 19.929
  6500 19.933
  6550 19.937
  6600 19.939
  6650 19.942
  6700 19.944
  6750 19.946
  6800 19.947
  6850 19.951
  6900 19.953
  6950 19.954
  7000 19.956
  7050 19.957
  7100 19.959
  7150 19.962
  7200 19.963
  7250 19.964
  7300 19.966
  7350 19.968
  7400 19.969
  7450 19.970
  7500 19.971
  7550 19.972
  7600 19.973
  7650 19.974
  7700 19.975
  7750 19.976
  7800 19.977
  7850 19.979
  7900 19.980
  7950 19.980
  8000 19.981
  8050 19.981
  8100 19.982
  8150 19.983
  8200 19.984
  8250 19.985
  8300 19.986
  8350 19.986
  8400 19.987
  8450 19.988
  8500 19.988
  8550 19.989
  8600 19.989
  8650 19.990
  8700 19.990
  8750 19.990
  8800 19.991
  8850 19.992
  8900 19.992
  8950 19.992
  9000 19.993
  9050 19.993
  9100 19.993
  9150 19.993
  9200 19.993
  9250 19.994
  9300 19.994
  9350 19.994
  9400 19.994
  9450 19.994
  9500 19.994
  9550 19.995
  9600 19.995
  9650 19.995
  9700 19.995
  9750 19.995
  9800 19.996
  9850 19.996
  9900 19.996
  9950 19.997
 10000 19.997
 10050 19.997
 10100 19.997
 10150 19.998
 10200 19.998
 10250 19.998
 10300 19.998
 10350 19.999
 10400 19.999
 10450 19.999
 10500 19.999
 10550 19.999
 10600 19.999
 10650 19.999
 10700 19.999
 10750 19.999
 10800 19.999
 10850 19.999
 10900 19.999
 10950 19.999
 11000 19.999
 11050 19.999
 11100 19.999
 11150 19.999
 11200 19.999
 11250 19.999
 11300 19.999
 11350 19.999
 11400 20.000
 11450 20.000
 11500 20.000
 11550 20.000
 11600 20.000
 11650 20.000
 11700 20.000
 11750 20.000
 11800 20.000
 11850 20.000
 11900 20.000
 11950 20.000
 12000 20.000
 12050 20.000
 12100 20.000
 12150 20.000
 12200 20.000
 12250 20.000
 12300 20.000
 12350 20.000
 12400 20.000
 12450 20.000
 12500 20.000
 12550 20.000
 12600 20.000
 12650 20.000
 12700 20.000
 12750 20.000
 12800 20.000
 12850 20.000
 12900 20.000
 12950 20.000
 13000 20.000
 13050 20.000
 13100 20.000
 13150 20.000
 13200 20.000
 13250 20.000
 13300 20.000
 13350 20.000
 13400 20.000
 13450 20.000
 13500 20.000
 13550 20.000
 13600 20.000
 13650 20.000
 13700 20.000
 13750 20.000
 13800 20.000
 13850 20.000
 13900 20.000
 13950 20.000
 14000 20.000
 14050 20.000
 14100 20.000
 14150 20.000
 14200 20.000
 14250 20.000
 14300 20.000
 14350 20.000
 14400 20.000
 14450 20.000
 14500 20.000
 14550 20.000
 14600 20.000
 14650 20.000
 14700 20.000
 14750 20.000
 14800 20.000
 14850 20.000
 14900 20.000
 14950 20.000
 15000 20.000
 15050 20.000
 15100 20.000
 15150 20.000
 15200 20.000
 15250 20.000
 15300 20.000
 15350 20.000
 15400 20.000
 15450 20.000
 15500 20.000
 15550 20.000
 15600 20.000
 15650 20.000
 15700 20.000
 15750 20.000
 15800 20.000
 15850 20.000
 15900 20.000
 15950 20.000
 16000 20.000
 16050 20.000
 16100 20.000
 16150 20.000
 16200 20.000
 16250 20.000
 16300 20.000
 16350 20.000
 16400 20.000
 16450 20.000
 16500 20.000
 16550 20.000
 16600 20.000
 16650 20.000
 16700 20.000
 16750 20.000
 16800 20.000
 16850 20.000
 16900 20.000
 16950 20.000
 17000 20.000
 17050 20.000
 17100 20.000
 17150 20.000
 17200 20.000
 17250 20.000
 17300 20.000
 17350 20.000
 17400 20.000
 17450 20.000
 17500 20.000
 17550 20.000
 17600 20.000
 17650 20.000
 17700 20.000
 17750 20.000
 17800 20.000
 17850 20.000
 17900 20.000
 17950 20.000
 18000 20.000
 18050 20.000
 18100 20.000
 18150 20.000
 18200 20.000
 18250 20.000
 18300 20.000
 18350 20.000
 18400 20.000
 18450 20.000
 18500 20.000
 18550 20.000
 18600 20.000
 18650 20.000
 18700 20.000
 18750 20.000
 18800 20.000
 18850 20.000
 18900 20.000
 18950 20.000
 19000 20.000
 19050 20.000
 19100 20.000
 19150 20.000
 19200 20.000
 19250 20.000
 19300 20.000
 19350 20.000
 19400 20.000
 19450 20.000
 19500 20.000
 19550 20.000
 19600 20.000
 19650 20.000
 19700 20.000
 19750 20.000
 19800 20.000
 19850 20.000
 19900 20.000
 19950 20.000
 20000 20.000
 20050 20.000
 20100 20.000
 20150 20.000
 20200 20.000
 20250 20.000
 20300 20.000
 20350 20.000
 20400 20.000
 20450 20.000
 20500 20.000
 20550 20.000
 20600 20.000
 20650 20.000
 20700 20.000
 20750 20.000
 20800 20.000
 20850 20.000
 20900 20.000
 20950 20.000
 21000 20.000
 21050 20.000
 21100 20.000
 21150 20.000
 21200 20.000
 21250 20.000
 21300 20.000
 21350 20.000
 21400 20.000
 21450 20.000
 21500 20.000
 21550 20.000
 21600 20.000
 21650 20.000
 21700 20.000
 21750 20.000
 21800 20.000
 21850 20.000
 21900 20.000
 21950 20.000
 22000 20.000
 22050 20.000
 22100 20.000
 22150 20.000
 22200 20.000
 22250 20.000
 22300 20.000
 22350 20.000
 22400 20.000
 22450 20.000
 22500 20.000
 22550 20.000
 22600 20.000
 22650 20.000
 22700 20.000
 22750 20.000
 22800 20.000
 22850 20.000
 22900 20.000
 22950 20.000
 23000 20.000
 23050 20.000
 23100 20.000
 23150 20.000
 23200 20.000
 23250 20.000
 23300 20.000
 23350 20.000
 23400 20.000
 23450 20.000
 23500 20.000
 23550 20.000
 23600 20.000
 23650 20.000
 23700 20.000
 23750 20.000
 23800 20.000
 23850 20.000
 23900 20.000
 23950 20.000
 24000 20.000
 24050 20.000
 24100 20.000
 24150 20.000
 24200 20.000
 24250 20.000
 24300 20.000
 24350 20.000
 24400 20.000
 24450 20.000
 24500 20.000
 24550 20.000
 24600 20.000
 24650 20.000
 24700 20.000
 24750 20.000
 24800 20.000
 24850 20.000
 24900 20.000
 24950 20.000
 25000 20.000
 25050 20.000
 25100 20.000
 25150 20.000
 25200 20.000
 25250 20.000
 25300 20.000
 25350 20.000
 25400 20.000
 25450 20.000
 25500 20.000
 25550 20.000
 25600 20.000
 25650 20.000
 25700 20.000
 25750 20.000
 25800 20.000
 25850 20.000
 25900 20.000
 25950 20.000
 26000 20.000
 26050 20.000
 26100 20.000
 26150 20.000
 26200 20.000
 26250 20.000
 26300 20.000
 26350 20.000
 26400 20.000
 26450 20.000
 26500 20.000
 26550 20.000
 26600 20.000
 26650 20.000
 26700 20.000
 26750 20.000
 26800 20.000
 26850 20.000
 26900 20.000
 26950 20.000
 27000 20.000
 27050 20.000
 27100 20.000
 27150 20.000
 27200 20.000
 27250 20.000
 27300 20.000
 27350 20.000
 27400 20.000
 27450 20.000
 27500 20.000
 27550 20.000
 27600 20.000
 27650 20.000
 27700 20.000
 27750 20.000
 27800 20.000
 27850 20.000
 27900 20.000
 27950 20.000
 28000 20.000
 28050 20.000
 28100 20.000
 28150 20.000
 28200 20.000
 28250 20.000
 28300 20.000
 28350 20.000
 28400 20.000
 28450 20.000
 28500 20.000
 28550 20.000
 28600 20.000
 28650 20.000
 28700 20.000
 28750 20.000
 28800 20.000
 28850 20.000
 28900 20.000
 28950 20.000
 29000 20.000
 29050 20.000
 29100 20.000
 29150 20.000
 29200 20.000
 29250 20.000
 29300 20.000
 29350 20.000
 29400 20.000
 29450 20.000
 29500 20.000
 29550 20.000
 29600 20.000
 29650 20.000
 29700 20.000
 29750 20.000
 29800 20.000
 29850 20.000
 29900 20.000
 29950 20.000
 30000 20.000
